500
1440
6.67e-11
60
840187717154709575665522311168.000000 2326859268232.648926 4620285420175.774414 4710796197508.832031 45582.367897 9877.568465 16761.137786
768229594811904089332182417408.000000 1638870793738.807861 3268422739193.040039 2816642605986.745605 31443.546238 18239.223640 25670.045510
952229725174712832582393790464.000000 5405550901221.833984 3750699194963.415527 4232051883652.830078 7080.127768 30348.443813 815.028581
242886770629736958043346698240.000000 809666303037.510376 4744642849939.243164 924406626599.098877 20047.219712 6489.522339 5440.440101
998924518003559051510492954624.000000 1287715741334.350586 3026301126985.950684 4950762184686.382812 30631.991630 14801.580885 31877.613385
524287190066784243991162388480.000000 2912139623245.289551 5739372640913.060547 1725849028036.859375 38567.884890 26337.248961 38495.691814
400228622090177939766440361984.000000 5260023766830.575195 1671557001430.334961 2079504248862.855225 40386.226000 45951.323698 3487.763812
949327075364686141731941384192.000000 3103372566310.396484 507729502351.828613 1134061691367.096191 33161.346350 44511.630127 17444.646762
64171320788642077089082638336.000000 118135988301.660858 2700440249918.233398 372265446126.584656 11913.997709 48531.706584 45110.403674
850919786771256357879375986688.000000 1573327921318.508545 3184586010260.780273 2213721160597.038086 38012.436818 25626.768207 33386.188039
531606434160660231905962098688.000000 231754025785.137909 2582061819910.100586 5497826831879.945312 46540.489768 36047.617153 14214.670153
738534314901816749939643908096.000000 3775875017734.186523 2088887210511.084473 4058382202572.367188 8298.708316 22005.226380 44003.761813
829201093329675934038751182848.000000 1948989065153.984863 1350912209158.256592 5270897246045.477539 17518.008928 34333.495416 47823.412646
588640133193060900620919111680.000000 3878093833233.273438 5066190322985.030273 2593403525042.069824 46198.489445 19921.833333 40738.344817
684218525273827156593047764992.000000 5374734981672.249023 2846694874273.005371 1273367257916.073975 47512.618707 46006.412686 7383.000738
881062169503915315095098359808.000000 3782375518270.943359 2548525167791.417480 3655619255246.417480 14052.970621 39300.104901 15372.893687
447033579203781449340371861504.000000 1334029088418.012939 1106445346263.444580 1629784565199.997314 27822.187765 20825.064029 8480.354309
906803933860177124074335502336.000000 608710011750.790283 743844500670.137085 2923119992866.702148 38023.761421 49237.583251 46750.199328
684445016870482273607627046912.000000 2260811154153.575684 4423648206295.281250 2175114895904.024658 14708.018100 11613.076931 29224.425032
244412735684035681790898208768.000000 899099772003.991333 4319676243616.117188 740301937861.508789 39673.519409 8205.096684 37253.569456
74529800598756320352705445888.000000 5605613786962.634766 309922648179.308838 3077223940834.972656 8810.532819 12003.118620 39889.902594
732654411686889101044001800192.000000 3873725552611.856934 5707690317280.446289 3772804238727.690918 37986.742094 4674.023858 6745.120583
520210069846459663284961280000.000000 461569636110.947266 412447746755.763733 1207465008882.556641 23071.023670 40983.864009 28665.931420
755580835396228724475899674624.000000 306439030871.931030 931062058606.679565 5899962069373.560547 10216.430533 44497.782222 6273.423790
997798999304789591813091491840.000000 318939708135.528381 5136185203090.396484 426739916683.519226 208.080444 46153.456367 29694.608962
180372265717188013050854113280.000000 962475845712.458618 2310972360806.061035 5386857396684.054688 40984.757636 17954.768435 27624.251124
579429994141417621775844376576.000000 2670197490542.287598 4055585864258.737305 587876374781.074219 26540.399402 37864.691619 15214.757489
992228461425857886005386805248.000000 3404129564065.546387 5177921291197.613281 4412074848502.909180 31445.496567 1771.045337 37390.143349
833238542002271164378436861952.000000 5459721652027.089844 5152300922364.136719 4903121490964.256836 48971.706465 37190.560362 45168.317014
983595738179793501917225680896.000000 3934593973976.836426 2933825262418.866699 967411220244.789185 41500.591692 44447.437508 3849.734042
649706986104001751704041160704.000000 1463460298564.033691 3713930249593.187988 1351908180700.572266 35030.998236 15843.356874 16438.852165
231427952289314935362920906752.000000 437549722119.024780 3735125941892.678711 1319572838172.117676 32556.604120 25534.298562 48573.285480
280042013283838534569254977536.000000 3222030580147.183594 4243684599056.692871 668355273440.645752 23574.171459 29626.995944 47215.904806
450917558023202053193902063616.000000 1984471641380.559570 5001338172052.678711 2563628444850.271973 161.572988 17247.147750 29924.064982
833243294075710474046553456640.000000 1379961057696.473389 3985308284771.306641 2849406650312.899902 24096.791155 15247.784166 35604.362998
182555787350309917816808013824.000000 3668754645469.018555 241099386495.118683 2442504063873.786621 34799.189556 33696.824817 31882.007644
347115873055120900464889036800.000000 1089272558730.688232 3593724585973.529297 3700231529399.860352 36536.467279 16418.721907 37021.922058
202212774288939683096557518848.000000 5433394706451.052734 4040063567245.408691 3853468960641.635742 12863.274111 26622.048638 4382.181402
260496942447729868952387452928.000000 5176565173769.632812 4048137073334.370605 553067392740.895630 5563.781599 18080.045384 28834.525789
593211455081222331731929989120.000000 3932683886975.368652 1703788874067.268066 4577026733093.442383 14418.970591 16482.103926 9487.549104
984363202929665935559056424960.000000 21113588950.183983 4881607699013.132812 1955726545562.840332 9410.052099 21824.849849 47931.848093
918930388017990840853366571008.000000 4512741467269.482422 4124544877803.207031 714744654863.488281 34289.289585 19191.596969 38713.674731
943051274373685702468776755200.000000 5406010181599.301758 5085311023744.433594 1200934476498.949463 39682.841971 27402.102494 14864.422621
904932471413599577902527021056.000000 5366893449689.677734 5156475912293.640625 2939049166319.449219 28809.977406 8137.837173 13695.558446
864578960400344352967643627520.000000 2905153049670.696777 2735606690885.315918 5008758760899.659180 24798.869819 14552.664298 9021.061919
684178438821890623485813719040.000000 4292546672137.708496 820443378677.798096 3558342075607.898926 24621.085904 41906.680140 36212.599411
178207509768292070006867361792.000000 1309596698782.218994 2941300345976.511230 715426823690.266724 6911.922692 18022.130229 16240.350002
931895293729331021903854305280.000000 5360059461304.945312 3670363169429.061035 4937283811595.888672 40906.380578 24803.721008 16748.584535
394327159688960372842864574464.000000 3887103865336.209473 3592408871833.425781 1527546105779.496094 7561.499256 3627.250532 5392.414101
647207381970811437072567500800.000000 2145229949869.788330 1700790170394.252197 1955176339929.540039 4557.428977 21366.386032 46724.732335
583570298079201116539643232256.000000 1566221805553.055176 3886605143261.424316 4494489066300.209961 24371.343257 7863.605841 44151.829576
625665319443524567734635462656.000000 3054516856211.478516 1226277187432.291504 3289607614972.446289 21309.968793 41496.952177 19719.418846
244326986951905766518779019264.000000 1923479433089.252197 4303224401736.270996 3768059465181.110352 49242.231366 16912.146363 44878.013313
136074611980502780232182267904.000000 2423648833541.036133 31910434892.359390 4621363764312.753906 38719.311747 14683.903435 5733.390691
865534814477681524162772860928.000000 4253934157106.062988 290058514284.928589 2649720161338.206543 49323.355639 35395.454748 10544.145974
473893977456676760831244894208.000000 5104569149531.689453 554125112134.090210 587399848963.785889 19144.796636 15088.155081 32855.995457
809095308561388085369748062208.000000 777042653680.333130 303898887757.164856 315191543528.433716 22885.780420 39043.417708 34603.822108
442560235244482843008028377088.000000 702756557568.328735 3478856579670.150391 3413945598627.415039 26494.960965 29752.262835 18095.842059
304285453774167883130035240960.000000 5243467619849.121094 2811849464435.060547 1001939579938.510132 30486.455737 26287.355775 30946.269017
596196227053271731785626025984.000000 1378571639013.742920 4895868968915.132812 413532203861.294434 4941.871066 46186.390541 8482.475047
481733354032846790079857819648.000000 1330396380615.605225 4877939519508.713867 1715889109305.985840 17859.652856 43913.884807 17212.547905
814908665518699549959154302976.000000 3888961694011.912598 214331658796.561737 1519066511755.374512 38912.866562 31298.205411 41805.187376
308156550074069118462376017920.000000 1303955250281.819824 1168321470575.556885 3613407822704.598145 5486.634493 33730.262184 39113.113582
719461804590868765413956648960.000000 1182078916478.007568 2367007143919.825195 1862382383953.026611 21700.428436 11549.797566 19287.411761
532845990049115362389827518464.000000 912870193884.181885 3276846643386.802734 86018127336.175247 19010.733682 19108.357313 15270.400311
737407730770021519928569364480.000000 1536624567413.993652 3832987889476.580566 3258666735356.052734 45979.544612 34299.318229 40489.264806
697848223009076063498091364352.000000 1840507786739.854004 3810745357494.217285 35428158443.154839 26647.991862 42195.481594 30922.338823
642692527101697677187589603328.000000 3059237763080.391113 2364183381043.459961 2136710554238.739746 35943.361691 40094.834981 33890.618120
152875802085211401000157446144.000000 194066637798.243469 375007523258.685852 4045758573592.528320 9380.820607 30947.916690 35015.056811
567831085793595350946605432832.000000 6640329541.005347 33683937570.864304 1800909017725.339600 13078.516076 32768.405337 42877.760619
181161213284899117446482362368.000000 2013991378067.988770 3937309000192.819824 5186155674134.454102 32665.247159 15661.477584 44250.710446
186264779971104455980004409344.000000 927121180262.007324 2970419810977.959473 4890848111729.532227 33782.702933 45208.501651 9555.581892
394521292017084225915979825152.000000 4165793719732.106934 5126651601412.636719 3229642857950.945801 36947.969132 46624.229893 11655.944312
926575794781826410712156602368.000000 3253513294064.212891 5507178132472.176758 2917000592647.586426 27628.420539 46956.458244 39982.284834
814138732298341912193569652736.000000 3507533899837.887695 3877485363454.317871 5872269681688.524414 46792.587101 16227.070855 43715.469094
589156684740053804676322164736.000000 3762848715839.371094 4480009185653.184570 4574986644543.235352 39745.507594 13139.228762 30218.938589
470564210075216526501434359808.000000 985032185905.162354 4693393419493.638672 5104004465091.975586 43651.066997 33220.720493 20624.129833
611980722105121572143513993216.000000 3521704142830.196777 3809048749091.592285 3177483446885.591309 7417.096900 28951.075267 1648.169827
700910348771563913913974128640.000000 3057088951606.810059 4912393649906.103516 3038789578312.443848 5632.397023 24490.500090 25517.451333
48499682009452809604653121536.000000 4804673371512.755859 2269484607581.740723 3762172563822.089355 22606.119361 7199.099919 20653.891573
247032539102729649486599028736.000000 2399922787118.666992 102993959143.289352 4233820820149.882324 28686.059093 40647.350666 29134.112564
446742521806965806409927622656.000000 2816432394048.400391 5871472602789.975586 346467136333.914062 3713.021499 32038.316541 29863.988017
222602367970441635337127067648.000000 1296748230697.935547 3718434625500.083984 5448725031525.234375 36896.925274 23142.612480 21928.089891
850586445932549692943113388032.000000 5620707286019.207031 5598573864343.842773 5304608154857.814453 38350.683515 16678.461603 26837.124711
219136057523608227371770970112.000000 2817552262413.106934 5603939924297.826172 2750394720095.393555 44215.890250 48363.846470 9188.267267
458038986408169849621963603968.000000 4603321259330.641602 4522040822739.731445 5338210898469.300781 12879.268226 38080.622227 48175.237606
331845794493260704333458046976.000000 2374034771916.472656 3308628620770.121582 3271244161283.245117 31108.330531 9551.383420 23898.043984
360105115622330984331749621760.000000 3857891516181.589844 5407483797151.355469 1243080210426.394043 30327.108470 43271.675074 5488.884428
373555839701348908746158374912.000000 1174116125178.577393 3814469081216.709961 3496882193627.246582 33827.698200 29817.025447 2943.024669
560871768538314819986387894272.000000 3325342883460.849121 1431492448473.112793 111573454184.259048 17192.068983 453.671767 46184.613158
601426744182327217741728055296.000000 4547046693995.151367 5234462387456.774414 5506307980933.370117 8653.232739 22399.076318 24386.035080
795231265851869932940014125056.000000 3770154249002.297852 5697521329530.291992 916484647950.383179 14644.455637 44110.212915 18301.397128
899431282141912428765637509120.000000 4411062779934.640625 2807253223660.985840 1610624016127.839600 47332.024620 6116.290696 43283.950930
623194456390661397535229214720.000000 4240131304897.429199 5454783120730.325195 1085990724333.557617 14114.188014 8358.267536 10148.848970
626125139941519653637535563776.000000 1039808837668.881226 747348531171.376099 1342556116330.696289 47346.233319 693.312846 8041.221140
119989321157331278864968581120.000000 2724901924107.643555 3826416233985.878418 5399801463354.286133 5042.848901 30711.335261 3527.848378
393746090770580847919376629760.000000 2928942681955.612793 2575850969681.446777 1729746500183.710205 12203.436094 45619.527086 28308.224715
190709213815028438974695735296.000000 204826495472.726624 2547876726066.636230 4802031654213.569336 37669.133925 17819.151221 49898.494757
35666438301869871686729334784.000000 3088935413252.998047 1185586557064.944092 3904570314383.399902 34989.358082 16380.805833 44467.173142
646711827556934094427015610368.000000 2014746006864.470459 295990522483.359314 4523536777414.166016 40166.507890 34935.650479 34096.086763
904187135819432859307708776448.000000 1846344314490.605469 4439624349325.719727 1757806036881.080811 40468.533868 9453.180646 29555.529975
53439398786723332058796523520.000000 598579509602.198242 927923050628.939209 1440476814350.335205 6808.525490 29455.930311 2902.614140
889553188294895529731647602688.000000 5578459623492.537109 330530847111.032776 5458795796920.916016 23452.500288 12848.452578 29350.560242
168837166935595313672864399360.000000 3449052495159.698730 2810492536523.608887 4811739070253.325195 46303.377136 26326.127619 29112.507160
729397700042183490376501821440.000000 1328889812728.804443 1558614082941.139893 3738150528836.133789 26908.763790 832.529064 46575.903099
347545952698004444103548338176.000000 1213713745779.224365 3083509100034.604004 2365813573759.893555 15358.417442 33995.187741 32256.698228
443338858635788248749099188224.000000 1587231927359.118896 4148798859421.535645 1964063074143.632812 10726.199560 37960.421242 12905.583630
683573997432167647868698492928.000000 95447107961.143875 4986224979621.462891 5029225869769.801758 30038.132230 16073.877232 33398.007943
526830186847052664686010957824.000000 5003200575152.040039 1476240782195.814209 1511744529899.090576 3661.782925 25719.109027 44490.636114
611410934762754888829019095040.000000 3133093294656.413574 4845851624452.439453 5657845636018.480469 36837.347800 17197.972241 17997.111947
43915304375772970194942558208.000000 140792875150.587799 29949597888.602688 2874799561768.210938 14644.277987 35413.122520 41007.310474
507409551417180144210492260352.000000 2758078161095.305664 461721504228.991272 1126802935463.750244 24182.417534 46169.037999 2169.735614
84410995284286787894393176064.000000 1444663994500.722900 4196993742509.276855 3606322974574.902344 4642.920059 48078.258684 43373.453451
166094060133255108182371467264.000000 2808089387094.643555 4467962565956.620117 4587279469886.458984 349.005754 28930.628709 36823.094095
743727071091405522605245988864.000000 5443174912148.703125 568784310188.509766 4647090018003.755859 47321.760909 5074.016170 13744.826924
239320777933728303069274308608.000000 4777482365387.250977 560752212936.408936 4405708943170.359375 13860.682405 8665.031501 46885.693887
760861999243899317262651228160.000000 570420198268.452759 5788540681120.259766 4987110667716.297852 17076.984684 34623.173058 22825.708810
434398095325752189980287959040.000000 3858768942839.824219 1911501144017.791748 3542903717208.143555 6498.799383 4063.251756 18899.857494
136956102744190067396799627264.000000 3893277897636.069824 675308284757.336792 5196030728377.416016 29122.481416 10543.157608 33416.277488
528884846497739125955101720576.000000 1842826505770.360352 5565010320658.334961 4532413184145.658203 6104.312467 1913.241787 25746.797666
399299897439451863142266568704.000000 1248236248012.742188 2670634000455.324707 944955187684.369873 15412.342765 21687.921007 271.744514
649786549457249496725891055616.000000 744709099710.317871 2725499494944.466309 496689401472.308411 39012.525784 39296.615584 34233.839989
910226503810950885689475989504.000000 5116464348936.669922 369776300280.250793 278377375927.929443 26353.747829 8856.649026 46393.289020
109524584426323218293258715136.000000 2289177182730.835449 3517528845191.713867 3766615642451.967773 35016.980434 26970.670897 20330.752744
822425858034950638742953525248.000000 3408301696697.390137 5437150948418.839844 1308181954551.572998 39462.185995 18710.041916 19094.382585
97490574744292802481725898752.000000 4766959627702.347656 2285202997636.610352 4408935032789.099609 46709.057012 42463.580446 41573.088426
714431655460238385088066224128.000000 3747703131543.333984 3045217550194.458008 3685483136952.613770 25120.063371 28940.625851 33592.038268
29476223527209940818252005376.000000 4460078438259.697266 3538268617185.889160 820104766925.845703 7197.081511 9794.893749 38870.511967
844281238896903186811080146944.000000 4338336628227.651367 1085749233228.037720 3933571869150.536133 15649.477307 5278.815099 44421.642597
102233265574198803587569549312.000000 2830685127773.641113 1594890968685.453369 1178370660626.502197 14386.819938 32882.152257 47350.048249
221917538541330716310359769088.000000 2990796458903.139648 4592930127677.008789 5524460247356.659180 7105.928709 14730.065043 28050.367640
644519841598588927382791389184.000000 5153141528346.175781 1373803894442.414795 3976576784242.212891 31467.965795 41627.733173 40649.843654
773300946118915855385807028224.000000 167869974005.906830 3483401960545.872559 3643734891593.332520 38188.191544 38721.620310 14214.464051
76753376553185925496355946496.000000 5192051378168.189453 1019060581698.576294 1056021191298.971558 17989.292400 22152.131783 18935.524169
647522247232274241074409504768.000000 594045516706.093018 1921697542593.673584 5129694736064.269531 30380.016742 5208.709047 40289.448989
749718909035305973385495838720.000000 2352775345394.749023 2164098362235.398193 2326008625992.577637 13609.465008 29982.222514 3411.740741
901548616076609423567344369664.000000 2549974768306.117188 5199266958655.448242 3981612414206.197754 23032.582562 23581.939993 14621.587314
224415481660708557772162072576.000000 1451820112975.230469 3402654063795.997559 1776896266209.378906 6303.995664 37472.158013 24007.775064
485865761286516559116888965120.000000 1135666195878.603516 5067309309433.824219 786989247513.464233 14658.573835 9228.871604 141.389691
900771811558293082269108142080.000000 1703634519550.779053 4770838964251.260742 3837895248754.832520 34376.354788 8770.655286 2236.473492
959716395921873142614312615936.000000 4572839583164.471680 666489279487.398071 5081463568043.645508 10362.833464 49709.798628 26805.728640
667908320980103837214171987968.000000 2748425154596.765137 4888423285301.971680 5264710435580.792969 35595.298878 20263.367342 9674.633043
837985890842036360576663289856.000000 912791989097.740601 3974524156551.120605 1910724747558.461914 17359.815127 26625.707316 22861.983009
640367779247634038462154276864.000000 4230840315265.041016 2714397978649.660156 3192723583007.568359 292.159594 13434.211381 9581.515500
693370287629482575028109180928.000000 2620174266640.177734 1394522701015.008057 3853211430205.596191 10957.744467 17466.203225 25717.584708
426411559072514751264588824576.000000 2026768218645.252441 297750972256.879761 556487289563.048340 40467.740451 43950.629301 49332.184111
521260786578646292448887701504.000000 1677251601162.018066 1062804424186.611694 2119555394034.625732 21949.521975 42689.225260 34154.916454
786186742031102339330435186688.000000 2279162043975.275879 827994136665.013672 2516671675544.544922 5169.511496 30020.272164 48384.705581
109233421790056590746845184000.000000 5127629058215.593750 940014087567.112427 4735361885575.280273 15659.350211 19784.210073 22784.519602
532341893544579873538188509184.000000 4395548771831.928223 5723248308535.315430 5656645370440.857422 4426.415150 1025.417611 2653.666587
897883112029118107380443250688.000000 5307173538351.046875 234330382400.346191 2472948999038.408203 9190.043532 10992.667852 38919.528778
622791310130986997440084705280.000000 434463384577.288940 2722784534666.121582 2412970507756.327637 22996.825666 30091.344672 41776.628672
563326743228047554052024696832.000000 1193170786645.808594 4739037439105.583984 3968104973606.814453 3566.100357 48127.555311 23758.193699
384509011350809151546849230848.000000 2113588315254.817139 5492040169468.167969 5409420341630.196289 5162.178681 45044.817587 43780.217876
191771876621885150841561677824.000000 5436287756048.276367 5479198369327.559570 528964430293.517395 41046.282133 48419.735184 25439.944340
4726512825454823920231251968.000000 1110663555567.461670 1694417825152.360840 3702355158190.408691 13094.296103 37433.918304 1824.793756
721822435838087673014518808576.000000 2067981031149.616943 5144967846500.206055 1682380153742.795898 27636.879812 33762.756634 47885.467204
624059603374479199312900259840.000000 3763056809531.085449 2553951983784.303223 50554826879.200912 49802.077329 18186.374180 46270.976004
99285119725058373220502077440.000000 1561280625761.151611 4726040875085.648438 1717236278446.966797 9301.426941 36485.078319 19035.599227
6954181011279198343355432960.000000 4118767990646.310059 5248114140819.811523 68916096384.132324 44317.216493 8835.016637 31959.925886
148230251925173343669402468352.000000 5459734325790.654297 3986596917773.875000 5133310857803.239258 13794.197917 27386.142047 7760.093295
828621554574287361267952779264.000000 1315570041637.667480 666176136148.244263 2670818829150.320312 43039.210603 27289.221379 23062.488610
856825758170721120602644545536.000000 5366120275932.419922 2281348821791.517090 5641054179585.098633 8706.787279 9384.658448 12358.393689
360164284873830298360957894656.000000 5412628938542.971680 3704491166772.549805 2165998948722.145996 30774.550247 25869.536482 18939.958009
501835334348415678453276213248.000000 4095137270817.131348 106186296933.417343 3835386959014.175293 30973.488084 34684.603514 26005.913679
895353720009026017275001438208.000000 1424347973486.570557 3984388825616.048828 4271454117294.146484 23219.644219 39411.567473 8832.821557
325177095981862904985093668864.000000 1970693081696.840332 3763646602473.988770 1073816839500.245117 12176.384363 1228.774759 6905.686579
417663433317869679863119478784.000000 1252385118395.269287 2273161474370.006836 4589183537331.029297 6483.169974 658.073207 7247.309181
745154404428393738613471313920.000000 3130257943240.114258 3090097531159.453613 1457239456035.773926 11232.162808 27087.151086 44852.766253
844113017825462444921951617024.000000 1389067042800.163330 2461324229119.962402 4362853750476.079590 23842.500138 4624.686881 23172.100551
941242887145487183864938889216.000000 5196278016500.304688 3776580811467.291992 1571877900451.364990 10737.043182 13900.232298 22421.141864
458268551369322689542785859584.000000 1785222832711.982910 3460565756289.552246 5167998709654.434570 25742.440287 48590.908734 32687.985121
644512205219134853326911307776.000000 5811379869054.713867 4712364727543.836914 2299032994173.016602 25776.591630 16122.561491 31832.817375
740175088746554670587924447232.000000 5098746086796.161133 3148898865258.739746 3447299828774.900879 4981.467177 47544.263535 16187.742174
576479346294179324387758440448.000000 255936146367.311554 4644461444273.805664 3054561177294.031250 46205.204770 21364.764856 39207.110828
138844959036840579094554869760.000000 4161269664187.575195 1372133814949.604492 3522969711396.363770 394.004188 40955.081112 23652.274731
522728889492679808958158864384.000000 4666426801898.715820 748150659794.057983 986722456052.304443 38794.971764 46275.554130 27845.385171
291431267415839864253291954176.000000 1462977643293.783691 1142027900434.112061 186477501358.127930 5607.828198 36363.786150 30794.723137
211785907490079245341810491392.000000 4001149860071.553711 5543930906636.608398 4650764997327.125000 36077.000078 36342.308035 15299.374338
645644096492624053427782025216.000000 909434598409.307495 531765246871.749512 4628485427623.840820 42972.070022 16134.737812 19080.128273
867321484660413814940490530816.000000 836598633060.510498 5042423554576.199219 2301297204755.850586 46635.808771 49072.662834 27864.573420
708615610240313896032104611840.000000 5351089601708.152344 673775111033.476440 276578171.307490 7746.332561 15388.161114 1582.661691
267083215185945463919359295488.000000 206729777160.440491 3820531409662.464355 2825327823788.545898 35659.996926 29359.850115 13356.718800
434739939605230417422342684672.000000 1852854661714.683594 3381418992989.425781 474265812977.340942 23409.231018 33162.578304 43243.654581
327626020800148144071293009920.000000 5817083304429.931641 1454206376873.984131 1150190279469.913818 6387.135040 5056.185836 29249.893934
60458875755061802934370041856.000000 487204143073.039185 839507145033.919800 4537539467372.716797 49477.065634 12824.425922 38456.068183
144467963438699009620895072256.000000 3329085270282.386230 4724570125073.459961 2428151953885.402832 29964.534300 22416.114678 44521.015065
312490624521156131753969057792.000000 209563845540.193787 929572593294.816406 4408660328345.680664 17478.122943 36533.827002 41380.730011
817747079216757445407943950336.000000 2324175826145.417969 4085677381924.203613 857701287352.340942 18993.721422 46948.167447 17016.030227
507617129249319994393054150656.000000 236513684753.567749 5459379053795.420898 3351648429525.852051 6133.201931 3380.391492 16857.524527
112205350823796058491960950784.000000 1912168454896.737061 627003939695.192505 1514372554148.720947 44417.404474 45352.322583 33411.224644
487638775020669624422831751168.000000 2096675596757.175293 3296004282960.669922 4720763457296.771484 19544.402053 35809.973551 27367.998183
740450499924109472992243744768.000000 2636568462539.729004 2212349924218.072754 3293365714183.712891 42040.205836 3373.112741 35178.533935
220678544706049660969600155648.000000 37911059445.660126 258958568358.308899 4296944476336.680176 2325.633449 48460.488323 14818.583925
169176707588684131879522140160.000000 217223818235.669189 3737780800013.701172 1660154147381.034912 18045.697230 36989.701184 26902.768657
249262033612123705579524849664.000000 3816358801730.144531 1217051209563.878906 4347714773680.881836 110.460981 38246.232987 26851.510409
393097260684285934031039627264.000000 2838632368780.035645 497902011125.302856 787931784842.131592 46400.007068 22968.236763 34587.266964
768804257627951175770564460544.000000 3108279241485.651367 2332364503309.300293 5837948536518.005859 26662.629692 21960.365014 35888.923814
579765262817854672696818794496.000000 2409660693821.339355 83485913222.416260 4418757625398.579102 22261.733153 32383.616214 1516.201441
806148607659222767900760735744.000000 2286051450197.608887 3353438474309.369141 326922783500.944641 1715.341095 38732.963423 39615.572518
36516041977571341582389477376.000000 3183545173650.395508 1943115782664.677002 2534718485704.958008 1035.402902 20686.591496 28158.053164
948708199406372540412726345728.000000 5151269734628.158203 1503947772320.335693 4233323493755.107422 19996.177740 32511.120980 35349.762945
933176148651715418579758219264.000000 527635344549.843689 2506165037632.996582 3026354324923.062012 24892.339308 21946.194499 13094.169071
943081449225117212903991148544.000000 510917661344.128540 1724023720353.852783 4420457335617.606445 23703.128064 43029.340633 40232.034908
508369383173235438624018792448.000000 3747951875789.068359 3522017673552.976074 3214824008389.759766 8741.500419 46314.690307 48724.936414
195538066418626360834330198016.000000 2006151250007.632812 3172192767389.208496 851052965620.091675 10656.110016 39628.309659 43087.936096
613045755593593124593422303232.000000 2612452812591.778320 3355648486900.911133 3222709232299.918945 26610.916586 49676.385801 2958.165739
30065117883526309200099540992.000000 2551464472641.918945 1894175507544.621582 5741564745940.997070 25952.390966 30662.705321 36118.831176
993110380597929715116953042944.000000 2795661422561.696777 3109402195182.350586 2958730603502.472656 5454.349963 6198.473441 2318.259423
283917007634377550458152550400.000000 296553322205.577637 123097105986.949570 2828784936912.723633 19514.445527 27926.185368 31185.066971
603411111330339338591798296576.000000 2071430410338.300537 2864214361908.014160 1277095512103.799561 39693.925618 2710.702085 38133.938512
326096843614288067496450719744.000000 281676367848.029541 4848868301626.699219 2101355572837.104736 24009.668140 7144.439037 16465.426430
999241182114575545895391068160.000000 4461243037069.794922 304942394841.901245 5854874217256.378906 11499.190313 28935.123668 24691.566254
339070805506348070269345595392.000000 4145764458759.578125 3187159429903.681641 3675628100277.682617 37646.760856 28053.021491 5122.144360
143224127657350214053512871936.000000 705546406519.388062 4284250939723.221191 4405147910027.368164 23533.701838 10580.214397 48154.605272
264552548650909482028218974208.000000 1568328144945.357178 4282048163787.484375 3484831417112.066895 15678.004346 27380.648012 47340.567711
793753449709039886728716877824.000000 4073960271838.102539 1629107305979.871582 4678668325011.929688 22332.231408 16390.251725 39267.309657
676628434414336670736595288064.000000 5348394296340.828125 1647147354784.956055 92625515532.039810 30458.972478 40968.701588 31934.352676
362114666664094981650837929984.000000 2244563320579.269531 4372666650252.727051 2981498886496.526855 25000.929914 23363.708366 12598.701642
970692635034533493170568691712.000000 4005382886112.380371 1268890213160.258789 1387946583744.113525 47234.839246 47041.850652 41294.728821
258256871373512289963105845248.000000 2881854839614.524902 4558964988057.951172 306860891639.655884 8947.585690 2441.290627 42250.247599
625596341968326020798143791104.000000 2222121997606.997559 3719071753425.091309 1783126180657.709961 14156.917722 45476.433144 15896.200815
892317803992106500574502977536.000000 4300525895646.086426 5644005311999.472656 1501151574124.187012 5466.857741 34887.050504 37988.563226
609355753105765100536379473920.000000 973589546733.344604 69297251649.804993 3422285490027.761719 42194.681634 11340.571736 40764.678591
788590417610756342470909362176.000000 989125841757.806885 3783010071880.654297 276399002259.782959 32804.921029 20694.703875 4942.880480
835050134377111797009999724544.000000 2730047351229.026855 5568789113298.426758 2717814210438.083008 41967.536855 28710.685311 38143.562636
122489091065940029790880792576.000000 2854079974933.564453 476692084538.141296 87360680842.474426 10632.253117 1870.316897 13461.968262
321982217171221174868473020416.000000 4337369353295.009766 171162715587.375092 5494894027381.621094 45008.126271 2037.796333 25569.317921
744056158114250898531533455360.000000 1578647434794.645508 1927411585686.454346 3142614794030.140625 21760.790479 48393.403878 28974.693189
91314229691081792623113928704.000000 2252396712010.911133 4002273692936.763672 5465549750749.743164 42224.102254 31110.701748 19350.542021
683832781707790138082462793728.000000 1158923670211.305664 884304346788.816284 4757299052112.409180 34008.505467 11533.868062 41056.438415
892815171691037305517004292096.000000 1581693825117.169678 533171985174.143677 1267304591539.923340 161.552336 5968.938142 7306.767934
903393572617039814697435529216.000000 944794670746.100342 3879378130836.122559 3819953408567.213379 21385.102589 49210.082343 9004.815253
862917861371728574749041754112.000000 5617211371342.284180 4481581996139.875977 5629969337270.580078 16691.593927 21897.082111 44029.822757
178313923151378472498530091008.000000 354918492564.427917 1578883040965.946045 5086665558669.094727 12829.170871 20874.469388 33423.428882
936753526766204104795437924352.000000 3824183819081.719727 2888624338241.584473 4894455318150.322266 45812.522408 28998.273951 2218.304296
919481495357808484909032931328.000000 4126131026924.648438 1123958525864.388184 4854962898304.203125 42973.946590 42401.158108 23516.239865
287180983129507412871668039680.000000 4910126373223.087891 3837484503973.966797 885583179809.890381 39214.726626 20500.563537 5216.546755
118126410580299059509243936768.000000 5002922186443.080078 5811071602353.393555 1748997969016.897461 45405.429483 12626.734265 7929.351930
164692006616244095662317109248.000000 3953142031074.102051 4879628135720.094727 598528644209.042480 15909.541103 15832.648084 46550.711545
234441269763950858320377544704.000000 5290048800124.809570 5754743872049.611328 908144311470.978027 29798.134104 8294.088095 48839.891608
455441613893695914892377194496.000000 82039049119.706757 2638023511151.793945 4381473322436.899414 42306.486630 4877.186546 44636.072076
630424265111994141929698754560.000000 2994574512492.201660 5882609022074.663086 4416448986584.529297 17775.395730 49098.988319 2249.550471
263616504270404856233410428928.000000 1383635262252.593018 1201110483287.419434 2527020214231.228516 45226.926238 1531.683189 26487.702213
222729346352968984248574803968.000000 2048991090221.791992 2718532820799.635742 2697306635089.827148 12195.253285 21807.429577 30554.669062
839867748245535391268768579584.000000 3551979085268.442871 3468558156335.985840 1742325233874.062500 30796.763874 1750.692097 1896.597912
462065009615414335784857108480.000000 782089679866.139648 5490855058557.751953 545686718144.308167 32005.628749 46385.288796 42051.997521
995620490049766648386141814784.000000 5367144699565.667969 5227582663077.666992 1529498263741.609863 7209.999653 4480.450370 34377.275237
48738517355517733425263935488.000000 709431759877.797119 1282067336413.109375 1601660395880.071533 23376.464855 33903.391186 36431.924015
711434362787489915874129739776.000000 673876847314.590942 2004417980278.105225 3252682452347.447754 35812.338435 46381.153700 42330.573612
332182045715014474546653691904.000000 5679557804101.872070 5218806242532.472656 4686057626449.530273 4759.724440 40759.841511 44336.816503
735307063784127585436974448640.000000 4383125376227.835449 4293880052070.077637 4312472564872.574219 32629.407399 30690.361969 49508.227361
796788141036773229266837962752.000000 4150155856018.027344 3998489306587.022461 4988607287261.917969 41182.945897 44750.480025 5849.726105
291188214575493842714029457408.000000 3381156800212.877441 4989234714111.888672 15473206441.604162 34364.691951 9268.243150 27696.234397
403540607264051485111656382464.000000 666628828256.683838 2363163345010.561523 4340763652576.488770 3781.242624 14253.979532 26498.485392
170819341284604453719717707776.000000 591630880391.053345 2458565620872.455566 5346145792652.920898 42158.951327 7224.115849 31852.697922
495767174053828766334346854400.000000 4473908382595.474609 3700589183392.277344 1726076359034.551514 23085.290134 15246.427858 6904.098674
285364720637614249623265738752.000000 1179635127484.628662 1504951323943.655762 3401662317757.337402 38650.779072 5035.474899 28958.775629
460309419995317909067537580032.000000 1687838729698.135986 785291182987.993286 5096715160830.279297 19953.114898 26681.818034 29978.633989
474687150900572093485468876800.000000 4830424112794.187500 764300084190.583008 3808488303892.541504 45949.618586 27312.421253 27581.644863
762171398271886459451146764288.000000 4075311378005.571777 1113252448576.154297 1521837573974.317871 22451.014920 40795.268068 27524.694348
910726101096126359351418945536.000000 712920116452.928589 4062597576557.936523 1156935845481.667480 16038.603762 47182.617824 38632.187847
93787656209332711821856997376.000000 261734938557.136322 2075733687437.946777 3269172749607.438965 16521.810748 24245.973478 20897.355150
729498513382626091286623420416.000000 109479395677.093124 103366715602.281830 1204695416523.467529 41863.589055 7353.108496 42484.607800
756264152823139028888197267456.000000 4090532510350.706055 2367817814214.070312 3058769748713.248047 19202.066827 29500.595447 38818.706124
833061634950834162609189552128.000000 2394911892011.254883 1928521255696.435303 4388347642677.066895 26337.559394 772.193470 46993.927866
847523263118939088404292304896.000000 5658667732755.964844 4203881651397.739258 5553734426784.205078 172.903971 3217.079143 24770.399777
333894294842097125135216541696.000000 3240640209261.625977 5388795084081.960938 374017565778.464844 28390.844133 46543.744065 13378.923579
405088663289830388230082527232.000000 459828599477.106934 691896699970.539917 951981612319.118164 38562.382287 25929.784019 33989.418314
155288982277404983540091715584.000000 640784774227.433228 2691358683719.932129 5831268641646.611328 25726.242934 39151.524910 36606.917640
41276046094147517660304244736.000000 4710998768923.337891 3964899769735.010254 5243915927104.612305 37878.529675 19226.961173 41505.511450
761028672922881639565370589184.000000 2648396757221.034180 1920557522038.257568 560045507065.973022 49907.092960 11943.666130 7915.788753
565958741384539179727485665280.000000 1001514403057.058472 2512776055146.370117 5729179687578.780273 12384.262733 27158.243711 6620.011016
18932900400335388710470156288.000000 364387269301.520325 4791912660930.265625 1027909107798.668091 8518.407172 13417.553745 8128.624972
684893002121193740424139767808.000000 303151278571.761780 5278794031021.554688 4284397387217.915527 42492.797036 28336.388119 30748.417895
607426533758373278965701804032.000000 5612475216394.511719 2625963659969.141602 2173885716672.002197 20007.389607 38529.840525 23168.908699
398289650864102723318464905216.000000 55873785380.215286 3667994299329.814453 5689065514266.987305 8960.916851 2379.409784 46764.789823
426903591690074490181542477824.000000 3485443112340.496582 399406496248.862915 2630435303333.418457 32625.681200 43994.230169 31002.918738
822881767443791844013456228352.000000 874590499081.923828 4617522160577.365234 2995871140433.415527 9980.862546 33867.086346 11697.190889
49473191168845256994884419584.000000 1440009984113.280762 5008581836479.055664 3875708377070.588867 9766.823710 14699.538082 1267.746534
595484266334904470560112115712.000000 381066672960.792969 2883525317480.566406 5863266111474.142578 3702.885240 5521.352685 47901.115449
253276041826827465248414367744.000000 932289971286.566040 5270576822092.093750 4013059840497.123047 37438.415963 48050.706088 6300.806280
401281942800284377956208345088.000000 4961302475520.084961 4401839554962.626953 1322565890440.049561 49456.720147 26435.268752 36596.923990
188751653390355237640293318656.000000 1215677898896.708252 5698705555777.393555 1405526582899.282959 22505.829517 40739.723640 44756.228474
645453064537352430567137738752.000000 641832880462.442017 5430829050965.061523 1421530252146.315918 8668.640283 20460.630241 11735.562380
247430510934177094427324973056.000000 3065873985256.009766 1137127983866.784912 2954168661289.926758 33882.745394 4302.583078 9044.309314
426423226681735020680281325568.000000 277688118805.032288 1810723642870.189453 4883460499943.914062 44398.225399 2648.840636 2593.443963
877098910453309687470210678784.000000 3431924907878.006348 4624463418510.026367 388518323930.221741 39386.464464 37484.482810 15203.770397
237845879158864671303220068352.000000 3330456358301.666016 1175279864051.975342 5211463767807.680664 33663.468125 5983.973833 6211.813705
846642168633007598418016600064.000000 3120463280715.264160 2117790380827.053711 555028806698.987671 2426.586976 27584.053938 29738.961593
726186647418042060933066391552.000000 3762623167905.315430 4576425969775.964844 900398254441.282837 34239.926159 4128.386525 49015.752179
572763030683977036113106698240.000000 799712804984.167603 189885142021.759003 2654185449962.590332 35861.336550 40799.564096 25785.625202
504956019811777380968260698112.000000 3337517532071.805664 4836748680722.317383 4382531203926.788086 6508.253308 949.394424 31305.042110
803434428667386264155750137856.000000 818137457043.927734 4426988988941.064453 3835451921324.921875 33377.972354 5464.231924 37207.463797
716091187072960299291736276992.000000 3899697731714.554688 1999678196012.823730 2609439220749.511719 14934.922855 5729.696297 29744.385406
983496980268273888542953832448.000000 1163253772940.139160 3393696232323.393066 3281934064618.281250 16635.309982 30369.333681 306.097558
49932930176115095655780712448.000000 2497929934876.938477 3078823288473.683594 3273844804928.565918 49452.944658 17081.118360 14884.542425
119223958868171995599970762752.000000 2127600511222.891602 5450370975095.019531 5443684486459.793945 24963.881087 33706.440350 28636.749219
166837068352306759332664442880.000000 4622139328309.399414 1869617133061.223389 5209276707009.076172 22218.958113 32790.638382 16260.304473
743077619347291846446717861888.000000 4545399492115.434570 5428553405696.784180 4286790137731.838379 48378.417500 24764.827418 14141.730505
300274549191945484245693104128.000000 605831006870.526367 1704843711436.187500 2066224128271.557373 26303.058852 40539.550847 45254.821468
515120069736205084480336035840.000000 899238966358.471191 1196444936560.674072 3742629768765.824707 25651.182013 6328.948404 27850.120784
12301261542505241701039210496.000000 4724175872944.376953 765450657515.530762 1056916146379.390747 29206.061028 22331.082994 3103.329266
28500382336089566398761664512.000000 604363119650.801270 2284908781147.053711 4552310212679.351562 43642.056055 15368.323594 24907.630065
840409470647764212454837452800.000000 4735711819369.211914 4607824547266.505859 830035717054.286865 45267.312087 3497.188610 24544.574960
431407418302915715775732908032.000000 5196335258612.565430 2336328778525.967773 5584512179430.812500 1657.408663 29938.760297 29043.575809
546171813526270876615341768704.000000 4279589626742.335938 813456197927.452759 3294991142905.778809 26303.097455 13380.566572 36880.570248
110183169185269240170905862144.000000 4213974648767.139160 4718100142673.635742 818232953976.016968 40833.370942 9347.533229 45513.077684
689508539479928298727280738304.000000 2916471105169.724121 2409643511571.755371 3126516257005.983887 14849.007812 9470.068272 33530.101475
202326397971402124455332282368.000000 1530136314793.553467 952811819386.115234 3739029516018.475098 7003.996362 27874.072864 29013.065216
173228100488534252089092603904.000000 921914310251.322754 950683638151.122070 4244459492687.350098 44080.541862 14950.337594 13893.649431
407672785878029052931645374464.000000 3343046694268.959473 91357919383.495071 3055350134873.459961 14042.553731 40758.119193 32826.975329
97518493001125066522526482432.000000 12466983130.419153 3344126255504.845703 4643459491638.214844 24821.509246 48760.760738 15847.252107
793410341159165960950745399296.000000 971237823167.460938 5826527722704.470703 5874846760870.352539 21198.085915 7452.029994 31473.527770
564041645528768006324811202560.000000 4168480137255.266113 1237417969590.713379 4349891501502.083008 43138.936019 18543.233964 22833.482978
744389557160618578756828659712.000000 3952241446567.811523 4333801624287.758789 897167821180.619263 11824.475747 37501.352065 33495.914882
517340589555604733218625945600.000000 3334617605728.384766 1926101042156.155029 3627668589832.106934 28365.123658 44662.943201 20094.305752
63732657611245597850819624960.000000 5123997064737.601562 4241103827367.119141 5057143692745.427734 1654.532925 35318.911441 42643.986895
457052376799775460995532587008.000000 5046971089414.773438 2845866727757.205566 124454728991.004990 28097.044294 34604.107605 37918.188394
424719605792648908997566398464.000000 371386302342.352600 1268697219187.718506 997744058676.876221 36640.913126 47478.803758 16058.575253
969307777457548106783740919808.000000 4127658384399.329590 5847429835911.575195 2871225365377.601562 13239.627035 15877.380299 5075.372478
832095013853206767792428154880.000000 1243758172981.328369 2970022031185.227539 5285383261640.269531 3964.027415 11111.236089 37648.533488
112371206801557544351746228224.000000 5478757408623.936523 3574517402506.674316 3359599143247.865234 39201.088943 4410.034979 29525.880273
345962664273550083628967395328.000000 4603668824864.396484 2058400099984.556396 4547025393390.574219 42161.484152 28195.739993 46989.571628
576047945104561726122417455104.000000 3029596159900.350586 1539681329177.544189 3217598763116.448730 10654.699505 12602.636969 1600.204455
477886530793219156788320927744.000000 3360642040409.446777 787718078208.955933 1828891110666.511230 39020.340791 31845.255164 10290.460759
859687364129203959469566853120.000000 5068865967946.530273 5656801323945.076172 5735145568491.493164 39386.638761 28231.514608 27074.107703
571754554087181831738341982208.000000 3851702853968.229004 778798578483.424316 5414531588328.318359 21655.692170 24044.056597 34419.974421
276343525981690544675029516288.000000 264295994892.854248 3706326431038.941895 5029109682156.290039 27914.340295 44457.692906 19887.359682
771380795990759955613377101824.000000 833118922558.202881 2535532568271.985352 1470677228025.476074 35540.347144 28163.141072 27962.443548
491213758239156482347206967296.000000 1180990753127.723389 4513842710998.767578 2070316619225.925049 2964.887467 36191.898578 16147.984618
847030524558867582882666250240.000000 1701962753153.388672 5100206893961.972656 2470831961264.290039 47064.962772 49822.080275 16825.114827
374413098848617224933814042624.000000 2816204148165.976562 146920528564.099457 3839464086498.815430 26105.933416 32654.635251 25157.404796
80405473746548171321733283840.000000 3199254719819.526367 5315282208433.041016 5025538994197.519531 34172.658010 16532.328593 5052.679826
394260102600911643592385101824.000000 5274065420438.566406 3895784558167.580566 5224295781703.803711 4703.865878 21268.027682 11818.749137
153375066888227642142118379520.000000 880271295867.986694 3300074585899.745605 2392986790.460063 21883.339422 21188.826077 20959.533481
378966043414066628887738056704.000000 2479286949559.713867 4458588500394.759766 4444936939349.833984 44877.043201 39029.737534 20206.788355
419659532336359630034840846336.000000 2558755985814.498535 5352974791756.353516 2950383535889.156250 48796.700918 40408.957629 17592.563791
659387178094772277657764626432.000000 819071771399.617065 2672138746814.866699 316518953357.133545 1636.755863 5660.366991 46956.057077
126812434814317371391979028480.000000 3177550571401.394043 1035427133243.264160 1653106260045.015381 34388.320932 36741.539993 14029.654634
125433206616636923796403519488.000000 935783193509.924683 4128724197637.626953 2975955575181.150879 28941.272399 22773.836401 12888.919615
476366311999208432842057973760.000000 1392821721496.443115 3905293540379.634766 5286552481579.851562 33487.946695 28459.901097 19804.542498
645692951812265967805330882560.000000 2226525326830.579590 4412858544808.281250 1799972763704.123535 25810.144924 10042.349906 17936.370484
548938015731488356165895585792.000000 1852920593858.194092 1757306452122.194092 3986927658220.253906 42631.111593 23667.233774 47796.897612
540388650046842483945387327488.000000 1228235301761.066162 1395533162353.342773 3928348954314.528320 18339.139790 46815.740362 8511.055311
945608244252208697598785093632.000000 2311570055275.955566 2525197041279.262207 2489649879135.959473 31393.150674 4495.682872 15900.019983
297621946920464752660413677568.000000 3888758911047.484375 4213138372690.015625 5565557902523.110352 1824.442671 23101.668769 12419.751385
552691751882755998714813218816.000000 3910994206374.042969 3582022380541.089355 599615626176.640259 48846.735595 45248.549429 38869.010885
829556943303699126843055538176.000000 2232062415281.339844 4326577199914.761230 2182678998020.793945 29324.556924 48492.460720 1788.372454
953273934756067564332798443520.000000 5346367725006.475586 1215332479083.599609 5303404853401.428711 14897.777776 31699.402715 16042.836693
925818568992344047576506433536.000000 4271020102021.759766 3769257087758.396484 1318299041138.169922 19150.669579 17647.419133 8337.770686
419502244991949872808515862528.000000 4808392375199.306641 2449387604393.710938 5735944584308.166016 23893.106600 1113.643940 3691.188201
454796843442505586614365847552.000000 5470738817598.083984 5022103494881.700195 1677687341802.607666 15277.976550 29226.107560 32714.968982
892050669478276236717980647424.000000 3270791054317.164551 4071394292158.724121 4987415162235.225586 23026.769293 44802.769248 37210.339092
758490941840452698633964355584.000000 3127256288857.784180 383874739931.837952 4037426111166.098145 12697.257527 35196.032438 45387.501314
636958542110844738633977561088.000000 335527285391.244690 439582093218.146912 333118643906.488342 43592.539497 24482.794071 1432.739199
349712921469338706826158407680.000000 3020379685294.060059 604623433204.658081 4746607612979.881836 21958.631357 47684.126509 4443.177560
744732158139689019793888772096.000000 3175407620135.418945 4384661294605.890625 3757018682945.994141 4628.802303 21661.488000 24105.371546
553111432377766479369064153088.000000 1942782352512.135254 1335253855323.071533 1838454005140.091309 42966.429164 14568.886400 49795.594206
113273733813908763522480734208.000000 5872260425692.545898 5331605268610.458008 4426370427956.045898 2608.370410 48908.367496 40334.653151
924018198123210134374601195520.000000 2760157062187.864258 4928552297329.787109 1615013602848.636719 48987.599555 46891.319774 3912.044179
418924617776146455374512259072.000000 5259902658620.803711 985916167863.605591 965574977903.428955 21485.680305 45513.368326 40021.980177
522289652620577125406164910080.000000 2026633043739.308350 1667027500535.839844 444866398742.825928 33639.113528 25443.062338 19350.172914
532110853368468106919121256448.000000 4721409953861.222656 2259200517441.705078 3807769064376.022949 39776.867600 14328.862594 19780.843155
847704760193687230104381423616.000000 1561993147880.767090 1193628561447.201416 4553165451322.293945 36628.391611 1882.888634 2272.703826
712319822847992063775805014016.000000 5755356592058.835938 729800264504.645142 774342196935.015747 43349.654643 14539.969766 14745.060804
296706698973060899653514428416.000000 1186293892090.345703 562510832940.466187 4832078474402.464844 27228.194371 18894.392680 44719.871806
217346157514185716465164877824.000000 5231819692082.619141 1660265274280.805908 4421796366955.059570 34349.403756 33215.811794 19742.079903
482525426653458477079725080576.000000 5610271577774.672852 4663704920915.749023 1948358099650.758545 10781.904431 49638.419365 5097.657188
948205920843503386636910067712.000000 179514341139.939758 869702599649.179077 3897101885032.421875 295.516360 13555.109042 39588.509192
872903420065018957883003371520.000000 3315219299269.476562 511361256805.882507 1000699699577.270020 38148.416899 9100.610953 49430.323508
307532224947368821744612671488.000000 3303410428717.458008 5209723044377.623047 3096782459270.573730 22332.458628 8220.239965 13716.769690
133637247669341631094473097216.000000 4889454110380.939453 3948144252061.911133 3635359778504.520996 38980.726148 22981.772652 47319.643058
995252612044686804933853315072.000000 2669182655340.611328 285241426380.929260 5566405341292.919922 24141.499970 9787.661261 30199.213782
488740326598631378462642798592.000000 2754446895678.735840 2334951308292.779785 2133698102568.135742 1437.849086 24121.292925 26562.693262
791725319713226309079215898624.000000 3920184657592.412109 3067175976125.139648 585619513497.510742 11216.907488 20143.212038 31206.796379
670987322773312869412192124928.000000 3346887336413.789551 5300980796246.314453 4747284965611.661133 19799.503763 28382.415640 21039.362215
175604598212803044504598740992.000000 160974215791.083038 2166362619524.059082 1008057537771.788208 23984.380264 20776.305497 5715.787087
962517604680041503455061213184.000000 3606548077429.899902 4237970102642.648926 2662421791796.769043 3906.737037 5702.723798 40645.083874
106891722468143199555590029312.000000 3519233976034.090820 2030517699257.711670 5301840551617.481445 13045.920601 43200.793859 49893.729365
485256562235418953160748695552.000000 1574592693138.212402 3669862035135.674316 921838918804.115967 41707.457901 26024.091768 48043.422749
230139232813445522544484417536.000000 519967871448.010132 2251768623037.155762 2393888603054.866699 5770.695678 37441.790214 28830.052041
595101518833591444605226713088.000000 969735291213.605225 4076409019891.363281 3289952828730.434570 38782.062446 20460.839998 443.852693
853775989661820286665442197504.000000 3087300530722.039062 4848494514892.108398 5667939501566.784180 5987.580542 8296.713656 42964.237716
380670022862344085281185988608.000000 176705886785.269653 5057240112804.454102 5108966852076.801758 14841.513389 23958.492756 1108.523459
130979425334827699642449264640.000000 5897944973827.314453 5799929652549.293945 2130600085822.213623 4389.091909 18234.731149 38343.124482
203195751739291369061344083968.000000 669829518147.664795 2026434829703.734619 4709953896380.007812 13894.617028 1719.015651 17795.819681
53533589026673501602232401920.000000 2617222966634.306641 2152281342890.244629 5353126514262.113281 48343.419469 9328.608941 43398.864518
86619999765707191528640741376.000000 2079788069184.770752 4290846063518.359375 2757011136252.903809 19122.830135 29221.069268 16660.830386
679286870490427607398465142784.000000 375188318768.138245 2096783756463.222168 4780571148116.407227 3162.146524 16921.300053 8569.247722
151024768664978796478168301568.000000 4148411681851.563965 5535659920068.299805 2089901070385.193848 40832.552542 14085.548704 7625.889549
94543390951372405440153387008.000000 1864938593872.328613 2999761689128.243652 873654181870.470703 37984.420028 43661.381627 2769.327910
726556789468301789447212498944.000000 352818887053.438843 5447846709214.080078 4797743059228.054688 20615.313188 32531.294661 14023.340616
794762866475974590702337130496.000000 1386778940813.047363 3620732178315.861328 2796893445354.371094 14931.925929 48453.524871 14215.801616
361881449521464100192964837376.000000 1814229341044.197510 2688635821914.596191 3026146687300.013184 530.856103 19697.421542 43356.336953
827268173372032165883242610688.000000 3986390489007.528320 115902724450.408813 5438688229508.086914 49587.534624 26403.935708 3494.427215
751439092565066766984062959616.000000 2367707445597.140137 739123104763.740234 2820175701249.472656 23055.307904 2431.947553 14558.633540
873412421845557334159560540160.000000 4125662581215.455078 3372672950463.683105 3942234198349.636719 46715.606142 9266.145159 7111.251195
232950640950794640824106745856.000000 910921060811.225708 2516592234427.385254 3509509333786.326172 23094.494931 44112.102172 5386.915433
472507021144268578585678184448.000000 1629523795577.475830 5751703781518.947266 1768673644898.773193 47592.493960 49725.478864 11079.337895
943600571222417368641087471616.000000 3083270916800.606445 1719704283038.016602 4100734013598.754395 46194.731885 20837.520259 8651.777221
385000795305241315186982256640.000000 2745797201779.576660 2738828472578.352539 1524637978442.310303 8232.710025 1792.384918 46329.425227
98966322885344897066420142080.000000 1304906549074.177979 405999817748.553955 1958310086633.223145 18778.200107 24767.729256 46337.452739
837453900760716713785387122688.000000 2227820105770.519043 203475441505.888214 1828769436492.011719 32689.355119 467.620511 30486.805774
605636981132271260321779286016.000000 22785723499.388306 4904804955797.644531 3240501556145.260742 26322.513901 6139.908780 12213.860737
450344915711481584371680411648.000000 3183336626637.418457 2462145279097.438477 4928539694998.665039 246.896851 44076.048743 4687.946385
169592137527462172620897648640.000000 5412475174717.826172 120049847485.520798 1584494916435.561768 6926.963738 4458.048010 30023.771212
514103276894475887752979152896.000000 3448641717410.014160 3110624423488.333984 2074187348165.636475 48105.608694 28085.592076 33075.904955
615899275809479560690074124288.000000 3369279085271.656250 1600399866048.432617 1307063913208.927979 28746.311939 5128.854399 38538.690418
101376516791701562107535294464.000000 1329714055186.935547 88801033603.400467 3255156451768.780273 38246.192242 21618.189091 19353.357153
769861781862499961400968871936.000000 1851920064376.629883 2836873817461.018066 5542778124400.776367 11562.671494 25058.675150 10400.618967
369792704642653824991023333376.000000 3482973332928.015625 4770078041157.721680 5214986293816.466797 8742.500427 16785.614107 11772.657960
136962181952298699585948221440.000000 5294802329640.278320 5292130423892.349609 4441882600794.492188 23424.418770 8411.273620 48719.885712
43414613717894357604691345408.000000 1597735106292.057617 4396511980610.206543 854267670006.615845 24808.891222 38011.127239 34825.628151
261101668822160813447786266624.000000 1136259324167.044434 493120265795.439636 182684356292.097076 25323.554140 28220.288841 48520.868480
737724512693343998204562112512.000000 386917748202.997131 1052735516034.409058 634351582282.386475 32795.687152 49345.877603 49570.659967
830763751562109094004948729856.000000 1903516019090.784668 1338511512586.153809 5709583007735.005859 11002.697871 6191.880794 36029.369541
688542332820846933073964564480.000000 1723172223671.885498 4100412117038.114258 4318545984578.573242 28143.282457 22007.831313 43837.403876
59043473125921317881760448512.000000 1182237106367.124756 3382237776360.584961 1888856337493.684326 19648.274835 32842.017306 17555.429608
899436579970380512560198713344.000000 1305352125412.482910 1897003171731.253662 3759250443968.572754 14341.270115 24997.785490 37233.915477
942739145337948181822787551232.000000 2872552244957.793457 4342939899602.411621 4563667088962.936523 40475.154780 48147.893324 37061.441474
29557052547837165965234143232.000000 512093345919.667419 2724715696985.235352 4236786373675.235840 18942.928556 7840.066197 22502.816595
941724220263643319269551243264.000000 3522051906176.866699 1928146012838.997803 4529390998.431198 39866.856039 45003.252451 16045.641767
190302617470874739277471678464.000000 3285741831355.608398 3964926425025.298340 529461262156.004700 38907.575905 49677.369464 36345.014459
64976919938333766902196731904.000000 2911668284522.214844 2782313732375.537109 45524785130.063438 49018.818046 10383.505332 39060.948086
789879456064607822117144100864.000000 1006705041419.111572 3082441968043.540527 4834675403560.826172 12871.172774 49213.200551 26876.794699
636282026598361340385993687040.000000 832285476304.723755 5826794132742.469727 3410236853738.425781 36901.164258 15719.831719 28938.696989
535360405936539349655859757056.000000 1265323932033.648682 5308151975976.374023 4281411838103.743164 38568.353927 28585.410155 40770.111019
549518596171177252147471319040.000000 3335007992263.421387 3199584803636.924316 3625523545046.115234 2937.934526 694.055367 31110.579069
39135050978108801545150660608.000000 1307152165243.007324 2380240204269.178223 4891185594299.428711 19608.959378 46293.916715 32422.550806
649602643050999754820604133376.000000 5369839834594.093750 1097322766854.112427 1686719548183.828125 2560.383967 8678.956776 43194.545779
789230964979730173194523377664.000000 2879057042430.646973 2611722646659.110840 1915089085658.588135 35121.872665 17117.581524 2512.719670
473804531373923888808882864128.000000 5392953018142.354492 5107374021274.677734 137606449768.695251 23965.771251 20397.956120 31890.932183
538074116007459374572719046656.000000 2488857358176.660156 1534178324990.989014 3405534085214.852539 32169.572232 33173.038384 20311.183701
35570631751590704736517488640.000000 3477100698825.484375 322580669132.331665 4042522321335.283203 24974.072317 12033.079989 48552.897199
550689125689998847438535786496.000000 2444020338330.427246 4926198268693.963867 2005528532203.998535 45110.825261 13880.685700 33225.573033
604653958512774694328172806144.000000 3657795532493.756836 4217118538877.516113 462905087584.119812 26701.258880 29021.123368 5089.080848
13340602635098901486099234816.000000 5831451382316.393555 4363641537662.428223 3253346839991.094238 20511.090998 49981.524260 6431.194258
53613264138630246093599801344.000000 3912238391913.584473 3155600601972.826172 526184985752.303589 12621.517695 29476.112467 38717.858535
751911800239194199740142059520.000000 4898084709839.002930 4397949173859.297363 1785345462982.238281 12221.229198 29018.198642 32126.050807
146641089183576911605772845056.000000 5062068355158.934570 1811491613048.823242 4432640781408.474609 23897.151567 1089.916518 41487.676856
11968208948135473904997105664.000000 3553102709331.131836 5496057409092.810547 149321988341.082825 29530.119397 33556.770712 28836.176511
824207440402455319432658944.000000 3957518806661.254883 4161549750790.721191 321181082316.292969 16692.857592 12009.748729 7181.068373
586287505732051792661210726400.000000 4895331623868.705078 5416073375156.183594 1995375905230.350586 32995.053652 33169.682595 32040.011595
904325657479616760365182877696.000000 1438169983326.536621 1671595360651.423828 300703802565.440430 5086.765557 29517.686218 40113.089695
579678342947586585034993172480.000000 3611697125626.586914 3728890450219.106934 3490714656184.759766 10718.642646 28177.524231 30847.768174
804975240866176430325427601408.000000 1384646800572.353760 1142705470110.618408 4754216745008.815430 45272.589892 44951.315431 43011.845994
239308949205702628467690962944.000000 821405570917.486084 22763892646.303349 4871019086880.153320 48446.925380 46091.841253 8189.788045
628839580169338538420445642752.000000 3452859811323.164062 4747116357575.690430 3145674899381.434082 41449.405039 4395.861996 29206.599169
930723412395791874845292101632.000000 4001798691927.361816 2279723283173.387695 3011370353778.530762 14521.150973 920.455368 5102.415315
504795872375739671140573904896.000000 3433561592704.412109 4242121651741.732910 1827649565379.903320 40832.274519 45634.128151 5778.528031
722097288222097460479064539136.000000 4789082340006.289062 5757264134966.425781 5672296800824.020508 47546.507720 48983.288370 39350.134618
919868661519078876237227098112.000000 5318865292667.814453 5609710874319.873047 3237378625961.662598 24336.653400 37769.722281 4093.673920
315721168329809404453432852480.000000 4975538947375.276367 3929432227289.970703 1454023023533.645508 26079.132513 2619.961930 37842.316757
812005669722336179421559390208.000000 417769241108.451660 5067478384528.066406 1869129095631.246094 32638.396897 28894.915538 31328.632720
469413428320276282725424431104.000000 2894427152627.346680 4378644968652.466797 1129913224852.603516 15114.487226 35897.534753 7645.847652
253219898442374487338448322560.000000 4115937125736.818359 5545525910633.395508 1021222503772.574707 29955.952675 44535.904934 36089.840082
85852121042950128591242788864.000000 3812064011354.028809 4741654652329.931641 2369282407299.281250 24471.211491 23483.787092 32400.893505
11006879625379517110801137664.000000 3080242387335.860352 2388698808145.103516 4855774041151.522461 29644.166343 13187.942311 6990.704526
245651264789351836767618072576.000000 4965777226195.567383 4521681795046.516602 4218881689346.806152 16611.901515 25426.497974 45328.770459
634527774823143917468296151040.000000 1336235859075.670898 351004934381.230225 5237711272266.559570 46204.855803 49970.600381 3041.811638
523216169105477790314960781312.000000 5251767627220.492188 4617534903025.969727 3593502911875.724609 26812.132507 29315.165723 532.078953
25666879501969962608682336256.000000 330276429481.001770 3886090750007.932617 216375178851.361908 28902.701837 3176.182696 42984.315424
170937363603588816023278583808.000000 1930966750826.205566 5897052354038.251953 2457872907518.350098 8446.982833 38294.357172 6582.666052
501177686965641478246844334080.000000 1619060904541.547119 225549505569.762329 800662221806.432251 25044.887827 4886.054576 1172.656729
424994872149543290573307248640.000000 573085284965.618164 497307267364.723267 5594445143404.624023 49363.160273 43346.120111 27863.966547
523505855129801660995402203136.000000 2674031725746.594238 3350733368960.550781 3240119134327.452148 25460.238604 11329.017957 29292.324688
87258808821094607625807462400.000000 1711613677121.519043 2628643530434.297363 1523357417305.632080 30869.325661 22251.660015 33739.240041
786326169868151747590366429184.000000 1244430025315.112305 4757984918941.737305 1696272755319.379639 24266.872287 42233.342581 21160.465908
986235202283708015720557182976.000000 5560088864462.492188 2635308471198.802734 2426257436408.781250 1976.052091 26547.591028 17972.055738
26784246799901242434034597888.000000 2347457911701.620605 5408650629598.950195 3246711601385.246582 42554.996928 24232.067761 4973.141805
360304710157357492141765427200.000000 4196208114780.582520 4043325046144.111816 2640624761972.867188 66.286349 6542.106558 35287.984570
618712240186851549799090487296.000000 3397664455556.154297 2245212501355.080078 2389726619324.519531 39339.783736 9349.130657 34627.113344
272133119996699093558137716736.000000 186731839313.512604 682934349022.309448 1524373098707.000488 48701.870394 28120.701890 33479.919789
13558449229951227311035514880.000000 550858561532.040405 171333109434.383514 238021909323.531189 24562.004010 47287.997788 29531.639921
342340018293978670352069296128.000000 2539367734845.433105 4071564246421.477051 4145603897862.883301 7081.151245 18770.248219 7510.412371
142948752335714528528080830464.000000 2986857866396.595703 5050210839114.250000 4493799855883.140625 4106.121349 11825.621529 8334.970106
868918102173562282683941257216.000000 2498620758018.745605 5069525847104.157227 832202208057.140137 22757.225424 48749.662702 19970.977199
429181915907739660368213966848.000000 3170703019094.980957 407205841879.921936 2612168154312.375977 31538.657463 4902.872492 24154.153082
122013229002250947589595725824.000000 258522690347.639221 434923574344.685120 2739684159047.754395 23710.935807 38190.574752 8349.898764
615841741494760660416344358912.000000 821377107836.947388 1871516713998.986816 4476863913599.803711 32273.177748 8658.708077 26022.574294
727585982404456446292633059328.000000 2417150893582.566895 4054190241943.202148 3519374096262.908203 41659.081793 27319.627850 36877.765291
288326143887045857192462778368.000000 3076176282426.424805 808151611084.189087 4233297552789.234375 2939.655074 10299.639455 8012.421247
689566250745936434966940352512.000000 1793896409773.219482 3795655770737.517578 4788318930514.305664 17393.382204 35852.367331 13796.636329
822086360688361558490440794112.000000 2837067163100.962891 2613291143725.295898 2583775800133.019531 31003.765031 38006.846252 9835.929754
265538855113805669791262834688.000000 5506535410837.519531 4231303477720.964355 5859436541357.746094 17149.883912 20216.048448 29481.446058
176179314114236873585262067712.000000 5609209805964.125000 1930386939193.302246 2740582202207.568359 23604.966827 23207.953816 9100.675890
530892438502466510781650305024.000000 3953896005989.004395 2019345462098.412842 1300706263818.175537 48710.105218 49279.671465 1601.908427
322069748454759690613219655680.000000 4145580577918.132812 1817028281147.139160 850521041197.013550 9174.980833 37545.079872 29104.210520
803574917280848499581736976384.000000 3015127282596.718262 4594936552315.455078 407771257128.459961 22217.480430 24798.644299 3111.930472
787347287306258195115298258944.000000 5311733746953.184570 3846018433359.460449 5684806948380.919922 42550.369069 48952.587903 21401.602948
323106717468754745618207866880.000000 2614943920082.852051 3599268902837.890137 5038595020230.205078 5668.134967 47615.375974 3722.892238
87564803235030176313441779712.000000 5533615597772.233398 628326478380.861938 2416843854969.760254 32027.086211 20723.345420 27689.533018
824041340883840468270641577984.000000 975674184400.436523 801661734749.405518 3702935923171.665039 33820.351415 45733.883789 34836.501528
120756636429930401307161526272.000000 2422838314353.878906 4477914976038.930664 5357813150043.512695 15547.220835 20541.808531 43581.526235
161951797624096189687678369792.000000 2300338776456.350098 1768009243518.118408 2861845239047.820312 41654.938130 45485.408020 16952.883553
946461461925162695345590763520.000000 5085892511292.310547 2439741543326.406738 200754961697.736267 39995.831409 26000.576455 22183.040842
440458351951305891282279202816.000000 5513422781235.269531 5884963715581.671875 1560548184979.962158 4992.347143 6666.317376 44605.797527
776253971167027008210483544064.000000 283223734648.536743 3474191285704.351562 5292362587569.450195 22932.729229 17390.731032 40255.726567
769599001281708067959546576896.000000 4476039668394.271484 3992795830542.591797 5496149713544.244141 7426.935973 48820.381984 20830.465700
