1000
0.840188 0.394383 0.783099 0.798440 0.911647 0.197551 0.335223
0.768230 0.277775 0.553970 0.477397 0.628871 0.364784 0.513401
0.952230 0.916195 0.635712 0.717297 0.141603 0.606969 0.016301
0.242887 0.137232 0.804177 0.156679 0.400944 0.129790 0.108809
0.998925 0.218257 0.512932 0.839112 0.612640 0.296032 0.637552
0.524287 0.493583 0.972775 0.292517 0.771358 0.526745 0.769914
0.400229 0.891529 0.283315 0.352458 0.807725 0.919026 0.069755
0.949327 0.525995 0.086056 0.192214 0.663227 0.890233 0.348893
0.064171 0.020023 0.457702 0.063096 0.238280 0.970634 0.902208
0.850920 0.266666 0.539760 0.375207 0.760249 0.512535 0.667724
0.531606 0.039280 0.437638 0.931835 0.930810 0.720952 0.284293
0.738534 0.639979 0.354049 0.687861 0.165974 0.440105 0.880075
0.829201 0.330337 0.228968 0.893372 0.350360 0.686670 0.956468
0.588640 0.657304 0.858676 0.439560 0.923970 0.398437 0.814767
0.684219 0.910972 0.482491 0.215825 0.950252 0.920128 0.147660
0.881062 0.641081 0.431953 0.619596 0.281059 0.786002 0.307458
0.447034 0.226107 0.187533 0.276235 0.556444 0.416501 0.169607
0.906804 0.103171 0.126075 0.495444 0.760475 0.984752 0.935004
0.684445 0.383188 0.749771 0.368664 0.294160 0.232262 0.584489
0.244413 0.152390 0.732149 0.125475 0.793470 0.164102 0.745071
0.074530 0.950104 0.052529 0.521563 0.176211 0.240062 0.797798
0.732654 0.656564 0.967405 0.639458 0.759735 0.093480 0.134902
0.520210 0.078232 0.069906 0.204655 0.461420 0.819677 0.573319
0.755581 0.051939 0.157807 0.999994 0.204329 0.889956 0.125468
0.997799 0.054058 0.870540 0.072329 0.004162 0.923069 0.593892
0.180372 0.163131 0.391690 0.913027 0.819695 0.359095 0.552485
0.579430 0.452576 0.687387 0.099640 0.530808 0.757294 0.304295
0.992228 0.576971 0.877614 0.747809 0.628910 0.035421 0.747803
0.833239 0.925377 0.873271 0.831038 0.979434 0.743811 0.903366
0.983596 0.666880 0.497259 0.163968 0.830012 0.888949 0.076995
0.649707 0.248044 0.629480 0.229137 0.700620 0.316867 0.328777
0.231428 0.074161 0.633072 0.223656 0.651132 0.510686 0.971466
0.280042 0.546107 0.719269 0.113281 0.471483 0.592540 0.944318
0.450918 0.336351 0.847684 0.434513 0.003231 0.344943 0.598481
0.833243 0.233892 0.675476 0.482950 0.481936 0.304956 0.712087
0.182556 0.621823 0.040864 0.413984 0.695984 0.673936 0.637640
0.347116 0.184622 0.609106 0.627158 0.730729 0.328374 0.740438
0.202213 0.920914 0.684757 0.653130 0.257265 0.532441 0.087644
0.260497 0.877384 0.686125 0.093740 0.111276 0.361601 0.576691
0.593211 0.666557 0.288778 0.775767 0.288379 0.329642 0.189751
0.984363 0.003579 0.827391 0.331479 0.188201 0.436497 0.958637
0.918930 0.764871 0.699075 0.121143 0.685786 0.383832 0.774273
0.943051 0.916273 0.861917 0.203548 0.793657 0.548042 0.297288
0.904932 0.909643 0.873979 0.498144 0.576200 0.162757 0.273911
0.864579 0.492399 0.463662 0.848942 0.495977 0.291053 0.180421
0.684178 0.727550 0.139058 0.603109 0.492422 0.838134 0.724252
0.178208 0.221966 0.498525 0.121259 0.138238 0.360443 0.324807
0.931895 0.908485 0.622095 0.836828 0.818128 0.496074 0.334972
0.394327 0.658831 0.608883 0.258906 0.151230 0.072545 0.107848
0.647207 0.363598 0.288270 0.331386 0.091149 0.427328 0.934495
0.583570 0.265461 0.658747 0.761778 0.487427 0.157272 0.883037
0.625665 0.517715 0.207844 0.557561 0.426199 0.829939 0.394388
0.244327 0.326013 0.729360 0.638654 0.984845 0.338243 0.897560
0.136075 0.410788 0.005409 0.783282 0.774386 0.293678 0.114668
0.865535 0.721006 0.049162 0.449105 0.986467 0.707909 0.210883
0.473894 0.865181 0.093920 0.099559 0.382896 0.301763 0.657120
0.809095 0.131702 0.051508 0.053422 0.457716 0.780868 0.692076
0.442560 0.119111 0.589637 0.578635 0.529899 0.595045 0.361917
0.304285 0.888723 0.476585 0.169820 0.609729 0.525747 0.618925
0.596196 0.233656 0.829808 0.070090 0.098837 0.923728 0.169650
0.481733 0.225491 0.826769 0.290829 0.357193 0.878278 0.344251
0.814909 0.659146 0.036327 0.257469 0.778257 0.625964 0.836104
0.308157 0.221009 0.198021 0.612442 0.109733 0.674605 0.782262
0.719462 0.200352 0.401188 0.315658 0.434009 0.230996 0.385748
0.532846 0.154724 0.555398 0.014579 0.380215 0.382167 0.305408
0.737408 0.260445 0.649659 0.552316 0.919591 0.685986 0.809785
0.697848 0.311950 0.645889 0.006005 0.532960 0.843910 0.618447
0.642693 0.518515 0.400709 0.362154 0.718867 0.801897 0.677812
0.152876 0.032893 0.063561 0.685722 0.187616 0.618958 0.700301
0.567831 0.001125 0.005709 0.305239 0.261570 0.655368 0.857555
0.181161 0.341354 0.667341 0.879009 0.653305 0.313230 0.885014
0.186265 0.157139 0.503461 0.828957 0.675654 0.904170 0.191112
0.394521 0.706067 0.868924 0.547397 0.738959 0.932485 0.233119
0.926576 0.551443 0.933420 0.494407 0.552568 0.939129 0.799646
0.814139 0.594497 0.657201 0.995300 0.935852 0.324541 0.874309
0.589157 0.637771 0.759324 0.775421 0.794910 0.262785 0.604379
0.470564 0.166955 0.795490 0.865086 0.873021 0.664414 0.412483
0.611981 0.596899 0.645601 0.538557 0.148342 0.579022 0.032963
0.700910 0.518151 0.832609 0.515049 0.112648 0.489810 0.510349
0.048500 0.814351 0.384658 0.637656 0.452122 0.143982 0.413078
0.247033 0.406767 0.017457 0.717597 0.573721 0.812947 0.582682
0.446743 0.477361 0.995165 0.058723 0.074260 0.640766 0.597280
0.222602 0.219788 0.630243 0.923513 0.737939 0.462852 0.438562
0.850586 0.952662 0.948911 0.899086 0.767014 0.333569 0.536742
0.219136 0.477551 0.949820 0.466169 0.884318 0.967277 0.183765
0.458039 0.780224 0.766448 0.904782 0.257585 0.761612 0.963505
0.331846 0.402379 0.560785 0.554448 0.622167 0.191028 0.477961
0.360105 0.653880 0.916523 0.210692 0.606542 0.865434 0.109778
0.373556 0.199003 0.646520 0.592692 0.676554 0.596341 0.058860
0.560872 0.563617 0.242626 0.018911 0.343841 0.009073 0.923692
0.601427 0.770686 0.887197 0.933273 0.173065 0.447982 0.487721
0.795231 0.639009 0.965682 0.155336 0.292889 0.882204 0.366028
0.899431 0.747638 0.475806 0.272987 0.946640 0.122326 0.865679
0.623194 0.718666 0.924540 0.184066 0.282284 0.167165 0.202977
0.626125 0.176239 0.126669 0.227552 0.946925 0.013866 0.160824
0.119989 0.461848 0.648545 0.915221 0.100857 0.614227 0.070557
0.393746 0.496431 0.436585 0.293177 0.244069 0.912391 0.566164
0.190709 0.034716 0.431844 0.813904 0.753383 0.356383 0.997970
0.035666 0.523548 0.200947 0.661792 0.699787 0.327616 0.889343
0.646712 0.341482 0.050168 0.766701 0.803330 0.698713 0.681922
0.904187 0.312940 0.752479 0.297933 0.809371 0.189064 0.591111
0.053439 0.101454 0.157275 0.244149 0.136171 0.589119 0.058052
0.889553 0.945502 0.056022 0.925220 0.469050 0.256969 0.587011
0.168837 0.584585 0.476355 0.815549 0.926068 0.526523 0.582250
0.729398 0.225236 0.264172 0.633585 0.538175 0.016651 0.931518
0.347546 0.205714 0.522629 0.400985 0.307168 0.679904 0.645134
0.443339 0.269022 0.703186 0.332892 0.214524 0.759208 0.258112
0.683574 0.016177 0.845123 0.852411 0.600763 0.321478 0.667960
0.526830 0.848000 0.250210 0.256228 0.073236 0.514382 0.889813
0.611411 0.531033 0.821331 0.958957 0.736747 0.343959 0.359942
0.043915 0.023863 0.005076 0.487254 0.292886 0.708262 0.820146
0.507410 0.467471 0.078258 0.190984 0.483648 0.923381 0.043395
0.084411 0.244858 0.711355 0.611241 0.092858 0.961565 0.867469
0.166094 0.475947 0.757282 0.777505 0.006980 0.578613 0.736462
0.743727 0.922572 0.096404 0.787642 0.946435 0.101480 0.274897
0.239321 0.809743 0.095043 0.746730 0.277214 0.173301 0.937714
0.760862 0.096681 0.981109 0.845273 0.341540 0.692463 0.456514
0.434398 0.654029 0.323983 0.600492 0.129976 0.081265 0.377997
0.136956 0.659878 0.114459 0.880683 0.582450 0.210863 0.668326
0.528885 0.312343 0.943222 0.768206 0.122086 0.038265 0.514936
0.399300 0.211565 0.452650 0.160162 0.308247 0.433758 0.005435
0.649787 0.126222 0.461949 0.084185 0.780251 0.785932 0.684677
0.910227 0.867197 0.062674 0.047183 0.527075 0.177133 0.927866
0.109525 0.387996 0.596191 0.638409 0.700340 0.539413 0.406615
0.822426 0.577678 0.921551 0.221726 0.789244 0.374201 0.381888
0.097491 0.807959 0.387323 0.747277 0.934181 0.849272 0.831462
0.714432 0.635204 0.516139 0.624658 0.502401 0.578813 0.671841
0.029476 0.755945 0.599707 0.139001 0.143942 0.195898 0.777410
0.844281 0.735311 0.184025 0.666707 0.312990 0.105576 0.888433
0.102233 0.479777 0.270321 0.199724 0.287736 0.657643 0.947001
0.221918 0.506915 0.778463 0.936349 0.142119 0.294601 0.561007
0.644520 0.873414 0.232848 0.673996 0.629359 0.832555 0.812997
0.773301 0.028453 0.590407 0.617582 0.763764 0.774432 0.284289
0.076753 0.880009 0.172722 0.178987 0.359786 0.443043 0.378710
0.647522 0.100686 0.325711 0.869440 0.607600 0.104174 0.805789
0.749719 0.398775 0.366796 0.394239 0.272189 0.599644 0.068235
0.901549 0.432199 0.881232 0.674850 0.460652 0.471639 0.292432
0.224415 0.246071 0.576721 0.301169 0.126080 0.749443 0.480156
0.485866 0.192486 0.858866 0.133388 0.293171 0.184577 0.002828
0.900772 0.288752 0.808617 0.650491 0.687527 0.175413 0.044729
0.959716 0.775058 0.112964 0.861265 0.207257 0.994196 0.536115
0.667908 0.465835 0.828546 0.892324 0.711906 0.405267 0.193493
0.837986 0.154711 0.673648 0.323852 0.347196 0.532514 0.457240
0.640368 0.717092 0.460067 0.541140 0.005843 0.268684 0.191630
0.693370 0.444097 0.236360 0.653087 0.219155 0.349324 0.514352
0.426412 0.343520 0.050466 0.094320 0.809355 0.879013 0.986644
0.521261 0.284280 0.180136 0.359247 0.438990 0.853785 0.683098
0.786187 0.386299 0.140338 0.426555 0.103390 0.600405 0.967694
0.109233 0.869090 0.159324 0.802604 0.313187 0.395684 0.455690
0.532342 0.745008 0.970042 0.958753 0.088528 0.020508 0.053073
0.897883 0.899521 0.039717 0.419144 0.183801 0.219853 0.778391
0.622791 0.073638 0.461489 0.408978 0.459937 0.601827 0.835533
0.563327 0.202232 0.803227 0.672560 0.071322 0.962551 0.475164
0.384509 0.358235 0.930854 0.916851 0.103244 0.900896 0.875604
0.191772 0.921405 0.928678 0.089655 0.820926 0.968395 0.508799
0.004727 0.188248 0.287189 0.627518 0.261886 0.748678 0.036496
0.721822 0.350505 0.872028 0.285149 0.552738 0.675255 0.957709
0.624060 0.637806 0.432873 0.008569 0.996042 0.363727 0.925420
0.099285 0.264624 0.801024 0.291057 0.186029 0.729702 0.380712
0.006954 0.698096 0.889511 0.011681 0.886344 0.176700 0.639199
0.148230 0.925379 0.675694 0.870053 0.275884 0.547723 0.155202
0.828622 0.222978 0.112911 0.452681 0.860784 0.545784 0.461250
0.856826 0.909512 0.386669 0.956111 0.174136 0.187693 0.247168
0.360164 0.917395 0.627880 0.367118 0.615491 0.517391 0.378799
0.501835 0.694091 0.017998 0.650066 0.619470 0.693692 0.520118
0.895354 0.241415 0.675320 0.723975 0.464393 0.788231 0.176656
0.325177 0.334016 0.637906 0.182003 0.243528 0.024575 0.138114
0.417663 0.212269 0.385282 0.777828 0.129663 0.013161 0.144946
0.745154 0.530552 0.523745 0.246990 0.224643 0.541743 0.897055
0.844113 0.235435 0.417174 0.739467 0.476850 0.092494 0.463442
0.941243 0.880725 0.640098 0.266420 0.214741 0.278005 0.448423
0.458269 0.302580 0.586537 0.875932 0.514849 0.971818 0.653760
0.644512 0.984980 0.798706 0.389667 0.515532 0.322451 0.636656
0.740175 0.864194 0.533712 0.584288 0.099629 0.950885 0.323755
0.576479 0.043379 0.787197 0.517722 0.924104 0.427295 0.784142
0.138845 0.705300 0.232565 0.597114 0.007880 0.819102 0.473045
0.522729 0.790920 0.126805 0.167241 0.775899 0.925511 0.556908
0.291431 0.247962 0.193564 0.031606 0.112157 0.727276 0.615894
0.211786 0.678161 0.939649 0.788265 0.721540 0.726846 0.305987
0.645644 0.154141 0.090130 0.784489 0.859441 0.322695 0.381603
0.867321 0.141796 0.854648 0.390050 0.932716 0.981453 0.557291
0.708616 0.906964 0.114199 0.000047 0.154927 0.307763 0.031653
0.267083 0.035039 0.647548 0.478869 0.713200 0.587197 0.267134
0.434740 0.314043 0.573122 0.080384 0.468185 0.663252 0.864873
0.327626 0.985946 0.246476 0.194948 0.127743 0.101124 0.584998
0.060459 0.082577 0.142289 0.769074 0.989541 0.256489 0.769121
0.144468 0.564252 0.800775 0.411551 0.599291 0.448322 0.890420
0.312491 0.035519 0.157555 0.747231 0.349562 0.730677 0.827615
0.817747 0.393928 0.692488 0.145373 0.379874 0.938963 0.340321
0.507617 0.040087 0.925318 0.568076 0.122664 0.067608 0.337150
0.112205 0.324096 0.106272 0.256673 0.888348 0.907046 0.668224
0.487639 0.355369 0.558645 0.800129 0.390888 0.716199 0.547360
0.740450 0.446876 0.374975 0.558198 0.840804 0.067462 0.703571
0.220679 0.006426 0.043891 0.728296 0.046513 0.969210 0.296372
0.169177 0.036818 0.633522 0.281382 0.360914 0.739794 0.538055
0.249262 0.646840 0.206280 0.736901 0.002209 0.764925 0.537030
0.393097 0.481124 0.084390 0.133548 0.928000 0.459365 0.691745
0.768804 0.526827 0.395316 0.989483 0.533253 0.439207 0.717778
0.579765 0.408417 0.014150 0.748942 0.445235 0.647672 0.030324
0.806149 0.387466 0.568379 0.055411 0.034307 0.774659 0.792311
0.036516 0.539584 0.329342 0.429613 0.020708 0.413732 0.563161
0.948708 0.873097 0.254906 0.717512 0.399924 0.650222 0.706995
0.933176 0.089430 0.424774 0.512941 0.497847 0.438924 0.261883
0.943081 0.086596 0.292207 0.749230 0.474063 0.860587 0.804641
0.508369 0.635246 0.596952 0.544885 0.174830 0.926294 0.974499
0.195538 0.340026 0.537660 0.144246 0.213122 0.792566 0.861759
0.613046 0.442789 0.568754 0.546222 0.532218 0.993528 0.059163
0.030065 0.432452 0.321047 0.973147 0.519048 0.613254 0.722377
0.993110 0.473841 0.527017 0.501480 0.109087 0.123969 0.046365
0.283917 0.050263 0.020864 0.479455 0.390289 0.558524 0.623701
0.603411 0.351090 0.485460 0.216457 0.793879 0.054214 0.762679
0.326097 0.047742 0.821842 0.356162 0.480193 0.142889 0.329309
0.999241 0.756143 0.051685 0.992352 0.229984 0.578702 0.493831
0.339071 0.702672 0.540197 0.622988 0.752935 0.561060 0.102443
0.143224 0.119584 0.726144 0.746635 0.470674 0.211604 0.963092
0.264553 0.265818 0.725771 0.590649 0.313560 0.547613 0.946811
0.793753 0.690502 0.276120 0.792995 0.446645 0.327805 0.785346
0.676628 0.906508 0.279178 0.015699 0.609179 0.819374 0.638687
0.362115 0.380434 0.741130 0.505339 0.500019 0.467274 0.251974
0.970693 0.678878 0.215066 0.235245 0.944697 0.940837 0.825895
0.258257 0.488450 0.772706 0.052010 0.178952 0.048826 0.845005
0.625596 0.376631 0.630351 0.302225 0.283138 0.909529 0.317924
0.892318 0.728903 0.956611 0.254432 0.109337 0.697741 0.759771
0.609356 0.165015 0.011745 0.580048 0.843894 0.226811 0.815294
0.788590 0.167648 0.641188 0.046847 0.656098 0.413894 0.098858
0.835050 0.462720 0.943863 0.460646 0.839351 0.574214 0.762871
0.122489 0.483742 0.080795 0.014807 0.212645 0.037406 0.269239
0.321982 0.735147 0.029011 0.931338 0.900163 0.040756 0.511386
0.744056 0.267567 0.326680 0.532647 0.435216 0.967868 0.579494
0.091314 0.381762 0.678351 0.926364 0.844482 0.622214 0.387011
0.683833 0.196428 0.149882 0.806322 0.680170 0.230677 0.821129
0.892815 0.268084 0.090368 0.214797 0.003231 0.119379 0.146135
0.903394 0.160135 0.657522 0.647450 0.427702 0.984202 0.180096
0.862918 0.952070 0.759590 0.954232 0.333832 0.437942 0.880596
0.178314 0.060156 0.267607 0.862147 0.256583 0.417489 0.668469
0.936754 0.648167 0.489597 0.829569 0.916250 0.579965 0.044366
0.919481 0.699344 0.190501 0.822875 0.859479 0.848023 0.470325
0.287181 0.832225 0.650421 0.150099 0.784295 0.410011 0.104331
0.118126 0.847953 0.984927 0.296440 0.908109 0.252535 0.158587
0.164692 0.670024 0.827056 0.101446 0.318191 0.316653 0.931014
0.234441 0.896618 0.975380 0.153923 0.595963 0.165882 0.976798
0.455442 0.013905 0.447123 0.742623 0.846130 0.097544 0.892721
0.630424 0.507555 0.997052 0.748551 0.355508 0.981980 0.044991
0.263617 0.234514 0.203578 0.428309 0.904539 0.030634 0.529754
0.222729 0.347287 0.460768 0.457171 0.243905 0.436149 0.611093
0.839868 0.602030 0.587891 0.295309 0.615935 0.035014 0.037932
0.462065 0.132558 0.930653 0.092489 0.640113 0.927706 0.841040
0.995620 0.909686 0.886031 0.259237 0.144200 0.089609 0.687546
0.048739 0.120243 0.217300 0.271468 0.467529 0.678068 0.728638
0.711434 0.114216 0.339732 0.551302 0.716247 0.927623 0.846611
0.332182 0.962637 0.884543 0.794247 0.095194 0.815197 0.886736
0.735307 0.742903 0.727776 0.730928 0.652588 0.613807 0.990165
0.796788 0.703416 0.677710 0.845527 0.823659 0.895010 0.116995
0.291188 0.573077 0.845633 0.002623 0.687294 0.185365 0.553925
0.403541 0.112988 0.400536 0.735723 0.075625 0.285080 0.529970
0.170819 0.100276 0.416706 0.906126 0.843179 0.144482 0.637054
0.495767 0.758290 0.627219 0.292555 0.461706 0.304929 0.138082
0.285365 0.199938 0.255076 0.576553 0.773016 0.100709 0.579176
0.460309 0.286074 0.133100 0.863850 0.399062 0.533636 0.599573
0.474687 0.818716 0.129542 0.645506 0.918992 0.546248 0.551633
0.762171 0.690731 0.188687 0.257939 0.449020 0.815905 0.550494
0.910726 0.120834 0.688576 0.196091 0.320772 0.943652 0.772644
0.093788 0.044362 0.351819 0.554097 0.330436 0.484919 0.417947
0.729499 0.018556 0.017520 0.204186 0.837272 0.147062 0.849692
0.756264 0.693311 0.401325 0.518436 0.384041 0.590012 0.776374
0.833062 0.405917 0.326868 0.743788 0.526751 0.015444 0.939879
0.847523 0.959096 0.712522 0.941311 0.003458 0.064342 0.495408
0.333894 0.549261 0.913355 0.063393 0.567817 0.930875 0.267578
0.405089 0.077937 0.117271 0.161353 0.771248 0.518596 0.679788
0.155289 0.108608 0.456162 0.988351 0.514525 0.783030 0.732138
0.041276 0.798474 0.672017 0.888799 0.757571 0.384539 0.830110
0.761029 0.448881 0.325518 0.094923 0.998142 0.238873 0.158316
0.565959 0.169748 0.425894 0.971047 0.247685 0.543165 0.132400
0.018933 0.061761 0.812189 0.174222 0.170368 0.268351 0.162572
0.684893 0.051382 0.894711 0.726169 0.849856 0.566728 0.614968
0.607427 0.951267 0.445079 0.368455 0.400148 0.770597 0.463378
0.398290 0.009470 0.621694 0.964248 0.179218 0.047588 0.935296
0.426904 0.590753 0.067696 0.445836 0.652514 0.879885 0.620058
0.822882 0.148236 0.782631 0.507775 0.199617 0.677342 0.233944
0.049473 0.244069 0.848912 0.656900 0.195336 0.293991 0.025355
0.595484 0.064588 0.488733 0.993774 0.074058 0.110427 0.958022
0.253276 0.158015 0.893318 0.680180 0.748768 0.961014 0.126016
0.401282 0.840899 0.746075 0.224164 0.989134 0.528705 0.731938
0.188752 0.206047 0.965882 0.238225 0.450117 0.814794 0.895125
0.645453 0.108785 0.920480 0.240937 0.173373 0.409213 0.234711
0.247431 0.519640 0.192734 0.500707 0.677655 0.086052 0.180886
0.426423 0.047066 0.306902 0.827705 0.887965 0.052977 0.051869
0.877099 0.581682 0.783807 0.065851 0.787729 0.749690 0.304075
0.237846 0.564484 0.199200 0.883299 0.673269 0.119679 0.124236
0.846642 0.528892 0.358948 0.094073 0.048532 0.551681 0.594779
0.726187 0.637733 0.775665 0.152610 0.684799 0.082568 0.980315
0.572763 0.135545 0.032184 0.449862 0.717227 0.815991 0.515713
0.504956 0.565681 0.819788 0.742802 0.130165 0.018988 0.626101
0.803434 0.138667 0.750337 0.650077 0.667559 0.109285 0.744149
0.716091 0.660966 0.338929 0.442278 0.298698 0.114594 0.594888
0.983497 0.197162 0.575203 0.556260 0.332706 0.607387 0.006122
0.049933 0.423378 0.521834 0.554889 0.989059 0.341622 0.297691
0.119224 0.360610 0.923792 0.922658 0.499278 0.674129 0.572735
0.166837 0.783413 0.316884 0.882928 0.444379 0.655813 0.325206
0.743078 0.770407 0.920094 0.726575 0.967568 0.495297 0.282835
0.300275 0.102683 0.288957 0.350207 0.526061 0.810791 0.905096
0.515120 0.152413 0.202787 0.634344 0.513024 0.126579 0.557002
0.012301 0.800708 0.129737 0.179138 0.584121 0.446622 0.062067
0.028500 0.102434 0.387273 0.771578 0.872841 0.307366 0.498153
0.840409 0.802663 0.780987 0.140684 0.905346 0.069944 0.490891
0.431407 0.880735 0.395988 0.946527 0.033148 0.598775 0.580872
0.546172 0.725354 0.137874 0.558473 0.526062 0.267611 0.737611
0.110183 0.714233 0.799678 0.138684 0.816667 0.186951 0.910262
0.689509 0.494317 0.408414 0.529918 0.296980 0.189401 0.670602
0.202326 0.259345 0.161494 0.633734 0.140080 0.557481 0.580261
0.173228 0.156257 0.161133 0.719400 0.881611 0.299007 0.277873
0.407673 0.566618 0.015484 0.517856 0.280851 0.815162 0.656540
0.097518 0.002113 0.566801 0.787027 0.496430 0.975215 0.316945
0.793410 0.164617 0.987547 0.995737 0.423962 0.149041 0.629471
0.564042 0.706522 0.209732 0.737270 0.862779 0.370865 0.456670
0.744390 0.669871 0.734543 0.152062 0.236490 0.750027 0.669918
0.517341 0.565189 0.326458 0.614859 0.567302 0.893259 0.401886
0.063733 0.868474 0.718831 0.857143 0.033091 0.706378 0.852880
0.457052 0.855419 0.482350 0.021094 0.561941 0.692082 0.758364
0.424720 0.062947 0.215033 0.169109 0.732818 0.949576 0.321172
0.969308 0.699603 0.991090 0.486648 0.264793 0.317548 0.101507
0.832095 0.210806 0.503394 0.895828 0.079281 0.222225 0.752971
0.112371 0.928603 0.605850 0.569424 0.784022 0.088201 0.590518
0.345963 0.780283 0.348881 0.770682 0.843230 0.563915 0.939791
0.576048 0.513491 0.260963 0.545356 0.213094 0.252053 0.032004
0.477887 0.569600 0.133512 0.309982 0.780407 0.636905 0.205809
0.859687 0.859130 0.958780 0.972059 0.787733 0.564630 0.541482
0.571755 0.652831 0.132000 0.917717 0.433114 0.480881 0.688399
0.276344 0.044796 0.628191 0.852391 0.558287 0.889154 0.397747
0.771381 0.141207 0.429751 0.249267 0.710807 0.563263 0.559249
0.491214 0.200168 0.765058 0.350901 0.059298 0.723838 0.322960
0.847031 0.288468 0.864442 0.418785 0.941299 0.996442 0.336502
0.374413 0.477323 0.024902 0.650757 0.522119 0.653093 0.503148
0.080405 0.542247 0.900895 0.851786 0.683453 0.330647 0.101054
0.394260 0.893909 0.660302 0.885474 0.094077 0.425361 0.236375
0.153375 0.149199 0.559335 0.000406 0.437667 0.423777 0.419191
0.378966 0.420218 0.755693 0.753379 0.897541 0.780595 0.404136
0.419660 0.433687 0.907284 0.500065 0.975934 0.808179 0.351851
0.659387 0.138826 0.452905 0.053647 0.032735 0.113207 0.939121
0.126812 0.538568 0.175496 0.280188 0.687766 0.734831 0.280593
0.125433 0.158607 0.699784 0.504399 0.578825 0.455477 0.257778
0.476366 0.236071 0.661914 0.896026 0.669759 0.569198 0.396091
0.645693 0.377377 0.747942 0.305080 0.516203 0.200847 0.358727
0.548938 0.314054 0.297849 0.675750 0.852622 0.473345 0.955938
0.540389 0.208175 0.236531 0.665822 0.366783 0.936315 0.170221
0.945608 0.391792 0.427999 0.421975 0.627863 0.089914 0.318000
0.297622 0.659112 0.714091 0.943315 0.036489 0.462033 0.248395
0.552692 0.662880 0.607122 0.101630 0.976935 0.904971 0.777380
0.829557 0.378316 0.733318 0.369946 0.586491 0.969849 0.035767
0.953274 0.906164 0.205989 0.898882 0.297956 0.633988 0.320857
0.925819 0.723902 0.638857 0.223441 0.383013 0.352948 0.166755
0.419502 0.814982 0.415150 0.972194 0.477862 0.022273 0.073824
0.454797 0.927244 0.851204 0.284354 0.305560 0.584522 0.654299
0.892051 0.554371 0.690067 0.845325 0.460535 0.896055 0.744207
0.758491 0.530043 0.065064 0.684310 0.253945 0.703921 0.907750
0.636959 0.056869 0.074505 0.056461 0.871851 0.489656 0.028655
0.349713 0.511929 0.102479 0.804510 0.439173 0.953683 0.088864
0.744732 0.538205 0.743163 0.636783 0.092576 0.433230 0.482107
0.553111 0.329285 0.226314 0.311602 0.859329 0.291378 0.995912
0.113274 0.995298 0.903662 0.750232 0.052167 0.978167 0.806693
0.924018 0.467823 0.835348 0.273731 0.979752 0.937826 0.078241
0.418925 0.891509 0.167104 0.163657 0.429714 0.910267 0.800440
0.522290 0.343497 0.282547 0.075401 0.672782 0.508861 0.387003
0.532111 0.800239 0.382915 0.645385 0.795537 0.286577 0.395617
0.847705 0.264745 0.202310 0.771723 0.732568 0.037658 0.045454
0.712320 0.975484 0.123695 0.131244 0.866993 0.290799 0.294901
0.296707 0.201067 0.095341 0.818996 0.544564 0.377888 0.894397
0.217346 0.886749 0.281401 0.749457 0.686988 0.664316 0.394842
0.482525 0.950893 0.790458 0.330230 0.215638 0.992768 0.101953
0.948206 0.030426 0.147407 0.660526 0.005910 0.271102 0.791770
0.872903 0.561902 0.086671 0.169610 0.762968 0.182012 0.988606
0.307532 0.559900 0.883004 0.524878 0.446649 0.164405 0.274335
0.133637 0.828721 0.669177 0.616163 0.779615 0.459635 0.946393
0.995253 0.452404 0.048346 0.943459 0.482830 0.195753 0.603984
0.488740 0.466855 0.395754 0.361644 0.028757 0.482426 0.531254
0.791725 0.664438 0.519860 0.099258 0.224338 0.402864 0.624136
0.670987 0.567269 0.898471 0.804625 0.395990 0.567648 0.420787
0.175605 0.027284 0.367180 0.170857 0.479688 0.415526 0.114316
0.962518 0.611279 0.718300 0.451258 0.078135 0.114054 0.812902
0.106892 0.596480 0.344156 0.898617 0.260918 0.864016 0.997875
0.485257 0.266880 0.622011 0.156244 0.834149 0.520482 0.960868
0.230139 0.088130 0.381656 0.405744 0.115414 0.748836 0.576601
0.595102 0.164362 0.690917 0.557619 0.775641 0.409217 0.008877
0.853776 0.523271 0.821779 0.960668 0.119752 0.165934 0.859285
0.380670 0.029950 0.857159 0.865927 0.296830 0.479170 0.022170
0.130979 0.999652 0.983039 0.361119 0.087782 0.364695 0.766862
0.203196 0.113530 0.343464 0.798297 0.277892 0.034380 0.355916
0.053534 0.443597 0.364793 0.907310 0.966868 0.186572 0.867977
0.086620 0.352506 0.727262 0.467290 0.382457 0.584421 0.333217
0.679287 0.063591 0.355387 0.810266 0.063243 0.338426 0.171385
0.151025 0.703121 0.938247 0.354221 0.816651 0.281711 0.152518
0.094543 0.316091 0.508434 0.148077 0.759688 0.873228 0.055387
0.726557 0.059800 0.923364 0.813177 0.412306 0.650626 0.280467
0.794763 0.235047 0.613683 0.474050 0.298639 0.969070 0.284316
0.361881 0.307496 0.455701 0.512906 0.010617 0.393948 0.867127
0.827268 0.675659 0.019645 0.921812 0.991751 0.528079 0.069889
0.751439 0.401306 0.125275 0.477996 0.461106 0.048639 0.291173
0.873412 0.699265 0.571639 0.668175 0.934312 0.185323 0.142225
0.232951 0.154393 0.426541 0.594832 0.461890 0.882242 0.107738
0.472507 0.276190 0.974865 0.299775 0.951850 0.994510 0.221587
0.943601 0.522588 0.291475 0.695040 0.923895 0.416750 0.173036
0.385001 0.465389 0.464208 0.258413 0.164654 0.035848 0.926589
0.098966 0.221171 0.068814 0.331917 0.375564 0.495355 0.926749
0.837454 0.377597 0.034487 0.309961 0.653787 0.009352 0.609736
0.605637 0.003862 0.831323 0.549238 0.526450 0.122798 0.244277
0.450345 0.539549 0.417313 0.835346 0.004938 0.881521 0.093759
0.169592 0.917369 0.020347 0.268558 0.138539 0.089161 0.600475
0.514103 0.584516 0.527224 0.351557 0.962112 0.561712 0.661518
0.615899 0.571064 0.271254 0.221536 0.574926 0.102577 0.770774
0.101377 0.225375 0.015051 0.551721 0.764924 0.432364 0.387067
0.769862 0.313885 0.480826 0.939454 0.231253 0.501174 0.208012
0.369793 0.590334 0.808488 0.883896 0.174850 0.335712 0.235453
0.136962 0.897424 0.896971 0.752861 0.468488 0.168225 0.974398
0.043415 0.270803 0.745172 0.144791 0.496178 0.760223 0.696513
0.261102 0.192586 0.083580 0.030963 0.506471 0.564406 0.970417
0.737725 0.065579 0.178430 0.107517 0.655914 0.986918 0.991413
0.830764 0.322630 0.226866 0.967726 0.220054 0.123838 0.720587
0.688542 0.292063 0.694985 0.731957 0.562866 0.440157 0.876748
0.059043 0.200379 0.573261 0.320145 0.392965 0.656840 0.351109
0.899437 0.221246 0.321526 0.637161 0.286825 0.499956 0.744678
0.942739 0.486873 0.736092 0.773503 0.809503 0.962958 0.741229
0.029557 0.086795 0.461816 0.718099 0.378859 0.156801 0.450056
0.941724 0.596958 0.326804 0.000768 0.797337 0.900065 0.320913
0.190303 0.556905 0.672021 0.089739 0.778152 0.993547 0.726900
0.064977 0.493503 0.471579 0.007716 0.980376 0.207670 0.781219
0.789879 0.170628 0.522448 0.819437 0.257423 0.984264 0.537536
0.636282 0.141065 0.987592 0.578006 0.738023 0.314397 0.578774
0.535360 0.214462 0.899687 0.725663 0.771367 0.571708 0.815402
0.549519 0.565256 0.542303 0.614496 0.058759 0.013881 0.622212
0.039135 0.221551 0.403431 0.829015 0.392179 0.925878 0.648451
0.649603 0.910142 0.185987 0.285885 0.051208 0.173579 0.863891
0.789231 0.487976 0.442665 0.324591 0.702437 0.342352 0.050254
0.473805 0.914060 0.865657 0.023323 0.479315 0.407959 0.637819
0.538074 0.421840 0.260030 0.577209 0.643391 0.663461 0.406224
0.035571 0.589339 0.054675 0.685173 0.499481 0.240662 0.971058
0.550689 0.414241 0.834949 0.339920 0.902217 0.277614 0.664511
0.604654 0.619965 0.714766 0.078458 0.534025 0.580422 0.101782
0.013341 0.988382 0.739600 0.551415 0.410222 0.999630 0.128624
0.053613 0.663091 0.534848 0.089184 0.252430 0.589522 0.774357
0.751912 0.830184 0.745415 0.302601 0.244425 0.580364 0.642521
0.146641 0.857978 0.307032 0.751295 0.477943 0.021798 0.829754
0.011968 0.602221 0.931535 0.025309 0.590602 0.671135 0.576724
0.000824 0.670766 0.705347 0.054437 0.333857 0.240195 0.143621
0.586288 0.829717 0.917979 0.338199 0.659901 0.663394 0.640800
0.904326 0.243758 0.283321 0.050967 0.101735 0.590354 0.802262
0.579678 0.612152 0.632015 0.591647 0.214373 0.563550 0.616955
0.804975 0.234686 0.193679 0.805799 0.905452 0.899026 0.860237
0.239309 0.139221 0.003858 0.825596 0.968939 0.921837 0.163796
0.628840 0.585230 0.804596 0.533165 0.828988 0.087917 0.584132
0.930723 0.678271 0.386394 0.510402 0.290423 0.018409 0.102048
0.504796 0.581960 0.719004 0.309771 0.816645 0.912683 0.115571
0.722097 0.811709 0.975807 0.961406 0.950930 0.979666 0.787003
0.919869 0.901503 0.950798 0.548708 0.486733 0.755394 0.081873
0.315721 0.843312 0.666005 0.246445 0.521583 0.052399 0.756846
0.812006 0.070808 0.858895 0.316802 0.652768 0.577898 0.626573
0.469413 0.490581 0.742143 0.191511 0.302290 0.717951 0.152917
0.253220 0.697616 0.939920 0.173089 0.599119 0.890718 0.721797
0.085852 0.646113 0.803670 0.401573 0.489424 0.469676 0.648018
0.011007 0.522075 0.404864 0.823013 0.592883 0.263759 0.139814
0.245651 0.841657 0.766387 0.715065 0.332238 0.508530 0.906575
0.634528 0.226481 0.059492 0.887748 0.924097 0.999412 0.060836
0.523216 0.890130 0.782633 0.609068 0.536243 0.586303 0.010642
0.025667 0.055979 0.658659 0.036674 0.578054 0.063524 0.859686
0.170937 0.327283 0.999500 0.416589 0.168940 0.765887 0.131653
0.501178 0.274417 0.038229 0.135705 0.500898 0.097721 0.023453
0.424995 0.097133 0.084289 0.948211 0.987263 0.866922 0.557279
0.523506 0.453226 0.567921 0.549173 0.509205 0.226580 0.585846
0.087259 0.290104 0.445533 0.258196 0.617387 0.445033 0.674785
0.786326 0.210920 0.806438 0.287504 0.485337 0.844667 0.423209
0.986235 0.942388 0.446662 0.411230 0.039521 0.530952 0.359441
0.026784 0.397874 0.916720 0.550290 0.851100 0.484641 0.099463
0.360305 0.711222 0.685309 0.447564 0.001326 0.130842 0.705760
0.618712 0.575875 0.380544 0.405038 0.786796 0.186983 0.692542
0.272133 0.031649 0.115752 0.258368 0.974037 0.562414 0.669598
0.013558 0.093366 0.029040 0.040343 0.491240 0.945760 0.590633
0.342340 0.430401 0.690096 0.702645 0.141623 0.375405 0.150208
0.142949 0.506247 0.855968 0.761661 0.082122 0.236512 0.166699
0.868918 0.423495 0.859242 0.141051 0.455145 0.974993 0.399420
0.429182 0.537407 0.069018 0.442740 0.630773 0.098057 0.483083
0.122013 0.043817 0.073716 0.464353 0.474219 0.763811 0.166998
0.615842 0.139216 0.317206 0.758790 0.645464 0.173174 0.520451
0.727586 0.409687 0.687151 0.596504 0.833182 0.546393 0.737555
0.288326 0.521386 0.136975 0.717508 0.058793 0.205993 0.160248
0.689566 0.304050 0.643331 0.811579 0.347868 0.717047 0.275933
0.822086 0.480859 0.442931 0.437928 0.620075 0.760137 0.196719
0.265539 0.933311 0.717170 0.993125 0.342998 0.404321 0.589629
0.176179 0.950714 0.327184 0.464505 0.472099 0.464159 0.182014
0.530892 0.670152 0.342262 0.220459 0.974202 0.985593 0.032038
0.322070 0.702641 0.307971 0.144156 0.183500 0.750902 0.582084
0.803575 0.511039 0.778803 0.069114 0.444350 0.495973 0.062239
0.787347 0.900294 0.651868 0.963527 0.851007 0.979052 0.428032
0.323107 0.443211 0.610046 0.853999 0.113363 0.952308 0.074458
0.087565 0.937901 0.106496 0.409635 0.640542 0.414467 0.553791
0.824041 0.165369 0.135875 0.627616 0.676407 0.914678 0.696730
0.120757 0.410651 0.758969 0.908104 0.310944 0.410836 0.871631
0.161952 0.389888 0.299663 0.485059 0.833099 0.909708 0.339058
0.946461 0.862016 0.413516 0.034026 0.799917 0.520012 0.443661
0.440458 0.934478 0.997451 0.264500 0.099847 0.133326 0.892116
0.776254 0.048004 0.588846 0.897011 0.458655 0.347815 0.805115
0.769599 0.758651 0.676745 0.931551 0.148539 0.976408 0.416609
0.981637 0.886116 0.755667 0.928099 0.748131 0.169183 0.962125
0.548048 0.689194 0.405786 0.988506 0.623672 0.403238 0.253006
0.723519 0.536564 0.145122 0.499773 0.584568 0.733968 0.396784
0.043222 0.081783 0.201899 0.812821 0.840433 0.878644 0.744372
0.988972 0.855051 0.160982 0.970610 0.741167 0.916649 0.898709
0.489298 0.085831 0.860834 0.037347 0.775025 0.266620 0.025853
0.398698 0.669857 0.278859 0.122217 0.206421 0.423981 0.621990
0.790989 0.157949 0.018774 0.834212 0.239732 0.220673 0.647033
0.080166 0.099316 0.391405 0.069138 0.954368 0.552387 0.039747
0.695535 0.469035 0.938456 0.184833 0.554866 0.799290 0.222180
0.329892 0.065910 0.248033 0.728589 0.735767 0.526892 0.850806
0.942188 0.950873 0.472796 0.733178 0.108823 0.491571 0.567389
0.348555 0.712244 0.214422 0.428720 0.811560 0.605827 0.497858
0.765928 0.158214 0.537606 0.461462 0.627250 0.476062 0.646295
0.182116 0.275352 0.868475 0.512008 0.341262 0.116508 0.240597
0.077029 0.643400 0.091403 0.019217 0.594273 0.564199 0.752395
0.703096 0.055770 0.319784 0.051651 0.768013 0.534206 0.480371
0.579573 0.140033 0.978229 0.345501 0.298248 0.515835 0.806963
0.925497 0.991897 0.453259 0.107613 0.267249 0.321734 0.619621
0.608510 0.438242 0.860217 0.685539 0.081642 0.951620 0.704757
0.675915 0.515819 0.457151 0.379011 0.571589 0.776935 0.430662
0.339602 0.311141 0.911033 0.919176 0.451175 0.889262 0.264676
0.749422 0.405098 0.071640 0.674919 0.396995 0.524898 0.782533
0.664243 0.846632 0.402153 0.272754 0.284874 0.262371 0.958293
0.366516 0.213991 0.663049 0.042431 0.729810 0.120201 0.421442
0.301399 0.897136 0.852104 0.641001 0.208278 0.763137 0.560176
0.659452 0.652399 0.824853 0.408875 0.057497 0.896493 0.083794
0.454491 0.421391 0.866327 0.118735 0.268023 0.268480 0.391488
0.552897 0.530851 0.349781 0.919413 0.744841 0.012830 0.961843
0.474651 0.133031 0.383285 0.776050 0.030167 0.235388 0.417051
0.238445 0.998525 0.977227 0.897897 0.650924 0.802080 0.306772
0.708421 0.698573 0.390566 0.162912 0.119964 0.256892 0.281647
0.387987 0.525373 0.673135 0.940884 0.056223 0.022916 0.860296
0.801065 0.035746 0.822139 0.275716 0.168778 0.205424 0.051766
0.198945 0.440813 0.468817 0.437390 0.439338 0.446045 0.335287
0.090262 0.248125 0.642059 0.798683 0.946698 0.032625 0.961596
0.066662 0.289518 0.243243 0.454649 0.814890 0.916378 0.395532
0.871113 0.939294 0.255829 0.672178 0.975040 0.077968 0.947894
0.143818 0.283392 0.999660 0.342763 0.724205 0.468477 0.780153
0.163543 0.914522 0.115440 0.253805 0.162647 0.757499 0.052488
0.109345 0.790125 0.014084 0.176006 0.079642 0.257327 0.630655
0.894532 0.173704 0.026187 0.765645 0.112998 0.282016 0.437823
0.088038 0.359984 0.385717 0.231855 0.643376 0.385378 0.574618
0.367581 0.853855 0.354771 0.531124 0.768377 0.470211 0.784929
0.931024 0.227711 0.837417 0.040368 0.017835 0.851501 0.216375
0.097478 0.108828 0.847030 0.992010 0.282532 0.873217 0.757655
0.395530 0.155233 0.195478 0.483568 0.515216 0.581196 0.715423
0.158592 0.966573 0.290041 0.526173 0.820428 0.644812 0.057297
0.588805 0.115024 0.842226 0.519828 0.342735 0.679643 0.560197
0.360570 0.531144 0.776571 0.458048 0.639973 0.623601 0.450057
0.922505 0.496818 0.207712 0.318035 0.652051 0.403191 0.801603
0.167267 0.984386 0.517026 0.325859 0.950959 0.807067 0.852032
0.771387 0.451879 0.909329 0.360192 0.566903 0.751554 0.880020
0.909638 0.431197 0.440217 0.270209 0.962342 0.216789 0.728256
0.602314 0.840390 0.178314 0.524819 0.337208 0.386026 0.842854
0.989258 0.789217 0.644457 0.156525 0.773603 0.161482 0.482384
0.724562 0.968549 0.334416 0.495949 0.420429 0.243745 0.856141
0.987332 0.995299 0.736162 0.896970 0.426496 0.176379 0.167179
0.388838 0.393168 0.895435 0.991152 0.233557 0.073749 0.515971
0.570765 0.459775 0.358825 0.560023 0.248992 0.003282 0.716548
0.022595 0.164764 0.198933 0.747157 0.133314 0.533348 0.243106
0.553743 0.777093 0.099247 0.541075 0.772392 0.835409 0.438045
0.198887 0.011788 0.605223 0.587725 0.404956 0.500659 0.578877
0.638513 0.574408 0.094848 0.209278 0.034183 0.453673 0.769301
0.283175 0.456955 0.485850 0.305770 0.621719 0.684782 0.052926
0.755033 0.218131 0.296033 0.308776 0.995223 0.395280 0.849850
0.767615 0.230689 0.287895 0.966503 0.242477 0.893119 0.554228
0.647433 0.393777 0.133104 0.285946 0.968185 0.227952 0.495224
0.002368 0.681625 0.264525 0.285543 0.138580 0.750374 0.591312
0.760300 0.435157 0.644239 0.515333 0.653287 0.940271 0.824109
0.648511 0.335551 0.673959 0.416126 0.566241 0.961854 0.382628
0.808718 0.854973 0.936856 0.456151 0.248750 0.069960 0.742097
0.216935 0.297912 0.237321 0.219303 0.979537 0.501846 0.504845
0.118118 0.252221 0.096157 0.878417 0.687377 0.740396 0.393750
0.340664 0.680667 0.217858 0.989175 0.016219 0.891817 0.405301
0.582460 0.853671 0.787929 0.391178 0.708644 0.724785 0.847330
0.957394 0.794745 0.589427 0.174330 0.092657 0.826748 0.393632
0.072194 0.328595 0.898478 0.190312 0.580815 0.994635 0.068729
0.268192 0.735031 0.462479 0.608857 0.415699 0.680337 0.598032
0.431918 0.572154 0.003332 0.014377 0.425826 0.791261 0.405555
0.134470 0.516045 0.252885 0.091864 0.310790 0.842312 0.266194
0.403447 0.669060 0.659826 0.475641 0.997655 0.558304 0.665953
0.578470 0.552939 0.734682 0.846663 0.287970 0.197161 0.455519
0.703669 0.877498 0.053551 0.135586 0.449652 0.056883 0.149964
0.875478 0.848144 0.555519 0.009948 0.364190 0.808404 0.101812
0.674980 0.650716 0.368006 0.078427 0.319776 0.027833 0.554068
0.317431 0.586137 0.220022 0.895901 0.139076 0.954704 0.742564
0.427046 0.151865 0.198083 0.130715 0.029363 0.251634 0.266301
0.479015 0.308517 0.416264 0.354493 0.156662 0.971783 0.364441
0.520852 0.780187 0.466253 0.195831 0.430903 0.834260 0.274258
0.750679 0.862092 0.828327 0.068110 0.448229 0.048349 0.964012
0.587305 0.003053 0.706575 0.014350 0.154917 0.904658 0.145065
0.184280 0.156293 0.411366 0.663295 0.464810 0.827630 0.017788
0.621472 0.799414 0.382229 0.142323 0.579601 0.848482 0.338155
0.010504 0.682742 0.612413 0.761183 0.544834 0.440740 0.829294
0.993064 0.489089 0.793305 0.580368 0.492141 0.499881 0.594719
0.647059 0.404539 0.739784 0.831339 0.560831 0.151149 0.494634
0.025641 0.978780 0.512422 0.647113 0.778193 0.894651 0.789437
0.357794 0.743133 0.127591 0.368298 0.425875 0.740005 0.129481
0.970710 0.180745 0.958775 0.963773 0.669833 0.752080 0.544142
0.161975 0.251961 0.138860 0.809034 0.656500 0.878644 0.640373
0.217331 0.029793 0.135007 0.242973 0.008573 0.647429 0.890086
0.786766 0.542080 0.679523 0.144560 0.285213 0.807114 0.512858
0.711088 0.547119 0.642339 0.681798 0.727863 0.601114 0.645571
0.397697 0.353195 0.189713 0.559672 0.605156 0.328573 0.368705
0.261656 0.207217 0.009078 0.478987 0.237010 0.144084 0.721960
0.245583 0.791513 0.612046 0.032350 0.333593 0.291569 0.176910
0.618806 0.098683 0.689768 0.329894 0.645801 0.332107 0.011693
0.373665 0.933221 0.657264 0.771361 0.286416 0.846977 0.331033
0.891572 0.175550 0.699738 0.153227 0.382767 0.708816 0.632214
0.619777 0.852900 0.354174 0.865361 0.644413 0.966220 0.897710
0.978006 0.257789 0.074620 0.596812 0.356471 0.764388 0.926707
0.002273 0.096495 0.938399 0.375937 0.029717 0.595663 0.147299
0.316133 0.442640 0.478332 0.207704 0.618190 0.178070 0.360932
0.000957 0.886886 0.993146 0.620734 0.739786 0.347320 0.486095
0.384199 0.313540 0.383805 0.362205 0.571328 0.458426 0.959017
0.927800 0.222814 0.885723 0.930072 0.319309 0.824122 0.306010
0.349026 0.419785 0.453309 0.665159 0.862425 0.931640 0.872863
0.480615 0.109710 0.233795 0.481572 0.996596 0.226941 0.102306
0.736382 0.574260 0.588401 0.120580 0.887800 0.972206 0.482785
0.459128 0.430632 0.441802 0.386928 0.653445 0.327525 0.317000
0.972754 0.151647 0.623010 0.321780 0.571433 0.076319 0.986939
0.433858 0.007959 0.859802 0.914473 0.117669 0.093596 0.396045
0.114265 0.320537 0.498351 0.850647 0.894797 0.086752 0.971227
0.782597 0.058958 0.454012 0.241726 0.489589 0.895813 0.628654
0.143034 0.223338 0.945654 0.115789 0.374985 0.568665 0.437569
0.946418 0.644983 0.424507 0.380276 0.652942 0.284309 0.294749
0.770611 0.377905 0.690794 0.884877 0.698442 0.189145 0.735523
0.593240 0.275897 0.706750 0.375837 0.334854 0.160762 0.617563
0.824444 0.056576 0.246217 0.967478 0.279914 0.191871 0.083267
0.654899 0.760536 0.520836 0.601317 0.405519 0.945343 0.981593
0.058461 0.229652 0.276343 0.829072 0.607557 0.967137 0.713949
0.306000 0.156282 0.449472 0.899239 0.432179 0.156223 0.275076
0.767033 0.316985 0.892639 0.591477 0.373561 0.138856 0.558955
0.653475 0.330728 0.642222 0.308374 0.091263 0.163057 0.909692
0.496782 0.108400 0.891285 0.555243 0.338052 0.167628 0.384316
0.945610 0.134765 0.098265 0.251609 0.291046 0.547737 0.150848
0.723225 0.703960 0.425925 0.490258 0.020945 0.318564 0.081735
0.394506 0.457420 0.640689 0.047982 0.788148 0.282911 0.356356
0.879411 0.445968 0.266048 0.376193 0.554369 0.157333 0.931437
0.892421 0.324961 0.315753 0.838030 0.459726 0.414018 0.089640
0.750772 0.961755 0.240488 0.473997 0.665715 0.666412 0.964255
0.686661 0.984976 0.045989 0.081167 0.442396 0.686678 0.129149
0.230544 0.969589 0.485505 0.109955 0.415558 0.751553 0.486148
0.969926 0.908886 0.417585 0.862347 0.233847 0.733338 0.700378
0.693572 0.147356 0.790017 0.444344 0.109111 0.030505 0.918341
0.774826 0.696918 0.882596 0.461486 0.681894 0.928585 0.542654
0.124290 0.615263 0.671802 0.354834 0.584853 0.157307 0.464789
0.000411 0.908860 0.950937 0.970337 0.817745 0.368523 0.832684
0.051592 0.101861 0.533062 0.745165 0.249216 0.323079 0.189509
0.358327 0.353584 0.107850 0.133153 0.050502 0.990446 0.594639
0.732396 0.919031 0.137293 0.856686 0.534294 0.809095 0.211520
0.119147 0.966402 0.676309 0.119558 0.875261 0.627247 0.089895
0.693007 0.995769 0.922579 0.744599 0.097630 0.455641 0.489764
0.346846 0.778720 0.679273 0.705173 0.132305 0.787123 0.838325
0.182807 0.777570 0.432964 0.915202 0.696600 0.570257 0.771888
0.230895 0.379351 0.983408 0.350042 0.345753 0.659718 0.469600
0.221014 0.286964 0.559494 0.914021 0.282733 0.482073 0.658620
0.380363 0.937715 0.148384 0.727209 0.716435 0.827658 0.432382
0.848739 0.614781 0.270707 0.031546 0.392351 0.703671 0.946748
0.088951 0.273928 0.718636 0.319846 0.653280 0.702045 0.669888
0.999033 0.361762 0.139488 0.220047 0.648727 0.698982 0.134069
0.931460 0.181056 0.792689 0.311823 0.118770 0.941074 0.039032
0.835205 0.768731 0.471414 0.683944 0.383512 0.742122 0.715490
0.775863 0.445793 0.662239 0.864814 0.719721 0.380875 0.184660
0.373001 0.082920 0.854548 0.372034 0.444682 0.994035 0.592081
0.093409 0.693017 0.726150 0.024869 0.874073 0.518839 0.336692
0.992843 0.459913 0.375724 0.828048 0.228644 0.847139 0.511992
0.612156 0.589260 0.227483 0.388019 0.035053 0.889721 0.252833
0.754775 0.270596 0.437493 0.127776 0.353516 0.292041 0.499810
0.798198 0.286077 0.091891 0.891607 0.979094 0.818041 0.916476
0.853167 0.336880 0.253167 0.846010 0.796793 0.628892 0.674058
0.025437 0.476030 0.186050 0.637593 0.065291 0.413533 0.025613
0.100344 0.303254 0.278446 0.855119 0.573851 0.715939 0.982895
0.927367 0.007980 0.482704 0.725565 0.294057 0.574596 0.617172
0.273151 0.392637 0.533647 0.126318 0.729517 0.786815 0.972328
0.526310 0.415707 0.646386 0.551747 0.891737 0.832436 0.189341
0.957028 0.245969 0.214953 0.057372 0.549224 0.493399 0.912490
0.123074 0.209338 0.895385 0.050441 0.217318 0.378089 0.776006
0.511375 0.952685 0.393178 0.784525 0.345322 0.926825 0.910843
0.074839 0.713640 0.883171 0.601149 0.129347 0.529557 0.152896
0.021083 0.361993 0.342237 0.978111 0.607963 0.557190 0.035483
0.157186 0.050589 0.947973 0.280260 0.259927 0.843358 0.330701
0.477245 0.221448 0.106706 0.988620 0.174133 0.499884 0.773145
0.519454 0.426709 0.683988 0.594293 0.140349 0.567160 0.195442
0.269696 0.096717 0.348338 0.290779 0.458710 0.690575 0.268890
0.066673 0.247766 0.304373 0.223859 0.298355 0.252346 0.504119
0.558282 0.095704 0.834820 0.035527 0.317152 0.941527 0.024147
0.491285 0.441411 0.797292 0.010739 0.868120 0.481280 0.605032
0.008469 0.048440 0.800474 0.278164 0.145157 0.148813 0.568943
0.603867 0.839388 0.837833 0.670540 0.087154 0.142206 0.894398
0.385509 0.394553 0.398518 0.943790 0.490257 0.233338 0.979317
0.807409 0.174864 0.003464 0.298694 0.616275 0.800756 0.309433
0.484394 0.282036 0.914465 0.492863 0.330476 0.714940 0.771027
0.475632 0.863753 0.339971 0.079499 0.703141 0.177804 0.750039
0.790295 0.320011 0.644437 0.175803 0.714563 0.042955 0.119594
0.204820 0.276292 0.098911 0.012229 0.451157 0.102375 0.310923
0.067431 0.903130 0.620357 0.551826 0.185166 0.534822 0.044689
0.515642 0.249762 0.815716 0.991274 0.113514 0.155687 0.070773
0.816655 0.333491 0.820812 0.606950 0.653502 0.465249 0.782753
0.368065 0.508204 0.902347 0.572885 0.784496 0.001258 0.585115
0.235653 0.103633 0.896038 0.303084 0.006763 0.516395 0.854910
0.191929 0.051217 0.899599 0.707571 0.300979 0.715316 0.698845
0.414493 0.871003 0.769619 0.231148 0.204495 0.590431 0.838098
0.857997 0.055680 0.620851 0.226062 0.563883 0.523198 0.798947
0.348379 0.524456 0.384062 0.584032 0.628089 0.280100 0.887117
0.634851 0.796494 0.742027 0.826781 0.847711 0.641626 0.534352
0.148690 0.356942 0.233197 0.563183 0.227945 0.002816 0.794331
0.432440 0.593246 0.632429 0.290436 0.648926 0.253280 0.516498
0.212809 0.776479 0.315445 0.561188 0.300935 0.699507 0.145221
0.929023 0.979606 0.032338 0.563875 0.776100 0.774365 0.390655
0.623811 0.415991 0.925007 0.772501 0.772933 0.158204 0.335684
0.000879 0.161019 0.130015 0.433319 0.754266 0.762444 0.723755
0.403191 0.015725 0.240253 0.616000 0.792203 0.555698 0.177188
0.093138 0.255205 0.322409 0.022161 0.234811 0.354747 0.586035
0.010911 0.129111 0.976691 0.634723 0.545102 0.901698 0.407224
0.318036 0.059902 0.742907 0.318915 0.220921 0.872922 0.752233
0.975187 0.635366 0.475989 0.378378 0.651091 0.716242 0.994378
0.443294 0.271941 0.171566 0.536432 0.527146 0.493976 0.558593
0.761957 0.848722 0.144628 0.772868 0.977834 0.121319 0.407591
0.522936 0.023016 0.814815 0.840972 0.082918 0.557722 0.159886
0.303839 0.430644 0.912119 0.279026 0.066011 0.388108 0.657403
0.717102 0.104350 0.651781 0.160395 0.376291 0.823348 0.696827
0.903437 0.317323 0.255420 0.665394 0.166045 0.400048 0.438262
0.143879 0.521366 0.845853 0.666815 0.544383 0.660668 0.507786
0.627301 0.218390 0.667672 0.931140 0.649034 0.579792 0.210166
0.715045 0.967900 0.867569 0.432147 0.072250 0.519350 0.592542
0.448542 0.342698 0.289369 0.351978 0.660021 0.544789 0.017372
0.826066 0.944836 0.455634 0.969945 0.466203 0.301487 0.636760
0.010585 0.962155 0.144546 0.637886 0.180545 0.812218 0.569026
0.829579 0.392010 0.779191 0.544624 0.359910 0.646760 0.976771
0.432160 0.166111 0.569313 0.880702 0.508808 0.858682 0.232680
0.168829 0.403471 0.250052 0.994895 0.348307 0.705687 0.964840
0.814510 0.007174 0.601599 0.825095 0.969329 0.746145 0.462981
0.149874 0.558363 0.032007 0.979453 0.950373 0.811199 0.524077
0.310283 0.457959 0.500848 0.742443 0.624070 0.070161 0.623144
0.132878 0.928843 0.855825 0.301707 0.332314 0.105877 0.296602
0.680621 0.811564 0.261442 0.495131 0.818737 0.863042 0.320226
0.788066 0.609187 0.783207 0.937940 0.167550 0.815214 0.917393
0.117923 0.626413 0.441471 0.428205 0.084372 0.942319 0.170648
0.708442 0.012480 0.793793 0.841320 0.941324 0.649617 0.143027
0.273638 0.755494 0.439629 0.954259 0.567058 0.701071 0.449390
0.385795 0.564112 0.769615 0.173862 0.173299 0.552822 0.111802
0.340849 0.368037 0.029195 0.458772 0.994449 0.470665 0.886977
0.078821 0.412984 0.057625 0.787263 0.425464 0.851418 0.628583
0.366788 0.501035 0.771609 0.640426 0.256529 0.211238 0.594684
0.823587 0.912309 0.044074 0.209382 0.476422 0.813690 0.383244
0.649721 0.366512 0.495046 0.990570 0.734549 0.524240 0.449341
0.728998 0.994905 0.336318 0.807820 0.407890 0.393943 0.595083
0.833354 0.245361 0.223665 0.200142 0.746396 0.995275 0.840567
0.002926 0.206513 0.435252 0.826513 0.118822 0.479326 0.035895
0.595243 0.293015 0.419139 0.244964 0.659527 0.914185 0.235534
0.394076 0.438425 0.684875 0.123074 0.433331 0.021193 0.930894
0.841220 0.415137 0.525976 0.674574 0.660498 0.749642 0.874716
0.406894 0.744916 0.715283 0.409820 0.951429 0.150535 0.236333
0.070251 0.629861 0.272228 0.665494 0.922876 0.691367 0.910458
0.582403 0.605552 0.145992 0.976479 0.043978 0.830867 0.099554
0.477308 0.852060 0.030447 0.318528 0.267197 0.556424 0.993102
0.927695 0.306065 0.867818 0.334589 0.050981 0.583101 0.744408
0.002410 0.733636 0.980741 0.072661 0.363496 0.252969 0.738156
0.286372 0.944336 0.648614 0.868776 0.549889 0.794606 0.845255
0.593867 0.625473 0.944809 0.071175 0.477534 0.975256 0.389703
0.744730 0.531680 0.382806 0.672425 0.837745 0.250624 0.007014
0.888727 0.833725 0.751422 0.891137 0.567361 0.732163 0.963799
0.930858 0.985132 0.701954 0.217230 0.929469 0.350568 0.086006
0.479358 0.145175 0.931261 0.073224 0.770648 0.876070 0.144399
0.248182 0.851327 0.534102 0.992912 0.383007 0.916908 0.665337
0.220752 0.167532 0.672351 0.109479 0.001257 0.423773 0.000616
0.568618 0.155936 0.964415 0.499476 0.141068 0.666369 0.716706
0.070537 0.016937 0.802712 0.549894 0.162112 0.733973 0.623118
0.932760 0.610043 0.767517 0.180941 0.461370 0.301619 0.173854
0.844377 0.218527 0.839191 0.065129 0.386059 0.511541 0.174608
0.387317 0.935314 0.175224 0.955935 0.091250 0.139639 0.455411
0.232318 0.806008 0.172117 0.302855 0.822945 0.974829 0.852750
0.985057 0.708802 0.475868 0.917817 0.318845 0.243385 0.098758
0.780215 0.545005 0.272612 0.624592 0.763532 0.111803 0.689720
0.149591 0.623344 0.864328 0.536908 0.558658 0.039553 0.492843
0.649909 0.179192 0.948254 0.882227 0.985200 0.120371 0.185082
0.808145 0.095199 0.037832 0.793202 0.804001 0.513700 0.711019
0.122846 0.757085 0.809777 0.903061 0.302090 0.082389 0.527653
0.065622 0.194191 0.217373 0.215213 0.817535 0.081702 0.752121
0.376194 0.121254 0.244964 0.026102 0.300446 0.193217 0.908329
0.285645 0.313588 0.093412 0.093790 0.408787 0.131244 0.886992
0.212788 0.644944 0.598011 0.335635 0.402029 0.407788 0.238696
0.704119 0.490177 0.766349 0.769741 0.684368 0.983723 0.984954
0.501904 0.065424 0.737075 0.878097 0.186679 0.982038 0.904200
0.487124 0.175256 0.812529 0.772770 0.488844 0.905941 0.866560
0.897631 0.037185 0.753552 0.110419 0.682129 0.351563 0.446054
0.084158 0.759351 0.684750 0.788277 0.249527 0.451100 0.558018
0.933895 0.434822 0.542972 0.435799 0.500247 0.280047 0.313896
0.686925 0.262086 0.218096 0.174050 0.437341 0.030625 0.946820
0.926185 0.936566 0.813380 0.823816 0.973751 0.566932 0.934235
0.655881 0.918494 0.380289 0.740039 0.677845 0.065039 0.528316
0.927372 0.516139 0.086335 0.861267 0.950961 0.629307 0.297067
0.451208 0.909354 0.610963 0.138133 0.171440 0.829059 0.312183
0.608781 0.859685 0.259002 0.534966 0.796251 0.072382 0.358782
0.770003 0.639313 0.293017 0.425883 0.557807 0.673306 0.165922
0.235652 0.738345 0.694238 0.163024 0.254484 0.780573 0.024292
0.205445 0.409880 0.321358 0.656653 0.319234 0.932321 0.794786
0.490673 0.761380 0.106969 0.099454 0.621065 0.365971 0.634420
0.417316 0.438352 0.993202 0.187319 0.077665 0.286219 0.613202
0.635472 0.959525 0.779124 0.871125 0.697870 0.473362 0.034149
0.952354 0.253935 0.058440 0.157800 0.663814 0.379799 0.814453
0.983048 0.312120 0.609239 0.473722 0.073500 0.716208 0.573176
0.694565 0.082178 0.207597 0.111881 0.520530 0.200799 0.299200
0.598195 0.487018 0.912402 0.233668 0.446542 0.691525 0.104792
0.144412 0.164887 0.138941 0.096767 0.418822 0.197382 0.254567
0.082636 0.577180 0.069020 0.065685 0.889300 0.678259 0.539406
0.962800 0.394466 0.112583 0.657366 0.476645 0.320179 0.769247
0.997175 0.520978 0.068447 0.595370 0.007996 0.980849 0.829038
0.454538 0.672374 0.933830 0.598950 0.837261 0.072772 0.695717
0.256083 0.270153 0.950284 0.338719 0.847334 0.019303 0.404403
0.736634 0.697562 0.943810 0.699434 0.092029 0.056392 0.356800
0.568673 0.376572 0.126047 0.565848 0.897550 0.194494 0.161218
0.905546 0.175342 0.990256 0.360084 0.847716 0.924086 0.959034
0.684977 0.996858 0.654751 0.941060 0.267011 0.605035 0.279778
0.114345 0.624338 0.684182 0.850978 0.321901 0.627992 0.550413
0.413929 0.684384 0.907212 0.982602 0.060956 0.033259 0.548450
0.958506 0.227753 0.709668 0.864051 0.403095 0.699924 0.224135
0.250811 0.624010 0.183169 0.935788 0.620868 0.837920 0.876848
0.887879 0.442955 0.156626 0.002224 0.067293 0.840808 0.853202
0.389194 0.468799 0.403615 0.803123 0.153183 0.310827 0.785726
0.214139 0.344086 0.334176 0.172645 0.571839 0.043844 0.036696
0.974934 0.743768 0.260831 0.225746 0.367778 0.444000 0.161534
0.988646 0.281920 0.038381 0.876525 0.724876 0.195007 0.878748
0.792169 0.035815 0.731950 0.181363 0.504614 0.135565 0.984486
0.657798 0.446392 0.770212 0.871937 0.790478 0.104388 0.044581
0.362317 0.148232 0.081278 0.337251 0.891999 0.342109 0.562997
0.259777 0.786109 0.724531 0.248423 0.068030 0.762912 0.124948
0.792905 0.957920 0.003696 0.585074 0.993735 0.735647 0.766437
0.498349 0.871212 0.750923 0.156147 0.317604 0.521135 0.028083
0.108082 0.625523 0.072665 0.470399 0.773755 0.153942 0.807650
0.665754 0.496051 0.370647 0.925532 0.282160 0.095178 0.173955
0.350190 0.858090 0.298903 0.143095 0.816010 0.302599 0.728169
0.809744 0.038246 0.494606 0.308093 0.909457 0.245530 0.464240
0.227061 0.766665 0.492323 0.335143 0.392188 0.564988 0.805541
0.165943 0.718930 0.613192 0.831697 0.214982 0.983839 0.757229
0.497142 0.079017 0.931183 0.847332 0.937107 0.230086 0.990427
0.753117 0.532685 0.718596 0.562861 0.570931 0.213202 0.870954
0.480388 0.458732 0.335194 0.707449 0.225397 0.827517 0.042592
0.617585 0.392505 0.848133 0.783528 0.111436 0.461325 0.615225
0.326417 0.445164 0.372454 0.823559 0.524181 0.303637 0.670891
0.461288 0.533723 0.661318 0.214405 0.066409 0.379914 0.777266
0.637340 0.593116 0.648220 0.117728 0.051848 0.983414 0.825177
0.277245 0.810932 0.867769 0.894831 0.203437 0.715902 0.678359
0.314873 0.177227 0.293584 0.641290 0.622391 0.666037 0.464850
0.146572 0.969675 0.135741 0.607860 0.503398 0.797059 0.822265
0.569807 0.176973 0.599531 0.207146 0.770089 0.247751 0.324874
0.821938 0.231166 0.150051 0.099183 0.042097 0.017820 0.994014
0.245534 0.733722 0.672372 0.560407 0.910948 0.965956 0.201698
0.533339 0.631993 0.666547 0.679911 0.601668 0.802288 0.287771
0.105066 0.599347 0.110036 0.674873 0.776320 0.709567 0.882019
0.546409 0.957318 0.206893 0.368347 0.188484 0.356944 0.467530
0.230581 0.374764 0.461543 0.476116 0.108485 0.133915 0.036523
0.019434 0.099871 0.238221 0.552773 0.731865 0.904768 0.232684
0.333533 0.707056 0.520455 0.438599 0.306403 0.630491 0.113471
0.082722 0.340058 0.995490 0.629132 0.297376 0.202383 0.997478
0.485860 0.559327 0.465008 0.716441 0.934091 0.926551 0.192557
0.042576 0.060467 0.229079 0.062010 0.160338 0.467300 0.614782
0.892203 0.372068 0.847466 0.225736 0.079123 0.367921 0.664335
0.385526 0.998412 0.777806 0.468248 0.338470 0.773296 0.097380
0.635846 0.975679 0.094858 0.121706 0.535006 0.559866 0.838147
0.469097 0.486418 0.030703 0.511673 0.546885 0.259782 0.573683
0.707223 0.727082 0.188465 0.599426 0.099150 0.035931 0.825162
0.178274 0.403852 0.489496 0.563800 0.402264 0.267302 0.032048
0.740733 0.040599 0.129428 0.376579 0.016278 0.224286 0.498285
0.551284 0.784153 0.336431 0.020381 0.270571 0.367134 0.532054
0.817455 0.626917 0.105737 0.524678 0.353999 0.294202 0.124104
0.453149 0.330134 0.949265 0.631423 0.733986 0.438761 0.195222
0.136250 0.706064 0.227270 0.876984 0.746662 0.356698 0.253563
0.762940 0.580985 0.751847 0.314225 0.365138 0.088279 0.334606
0.635708 0.455413 0.866660 0.453163 0.082330 0.972397 0.977841
0.436329 0.266600 0.101945 0.889479 0.596733 0.051210 0.520902
0.330719 0.489971 0.716124 0.466969 0.196035 0.943395 0.343953
0.942697 0.300093 0.597516 0.705638 0.881078 0.349363 0.019862
0.246216 0.437642 0.354468 0.881924 0.893055 0.221128 0.335087
0.975385 0.193525 0.312929 0.411714 0.460125 0.414874 0.301193
0.056858 0.466084 0.822095 0.387577 0.956055 0.538219 0.854547
0.152090 0.481613 0.198500 0.094788 0.781706 0.796015 0.800425
0.662784 0.145378 0.820287 0.909000 0.583020 0.174755 0.790924
0.476075 0.395883 0.126011 0.451459 0.589408 0.438940 0.863174
0.049533 0.853813 0.164367 0.106391 0.319897 0.986461 0.493969
0.275952 0.524680 0.348515 0.428043 0.006293 0.547015 0.522830
0.788000 0.343030 0.323255 0.450784 0.488408 0.143543 0.359784
0.071428 0.318298 0.150708 0.547503 0.714181 0.276719 0.998962
0.303589 0.715658 0.862136 0.353122 0.569472 0.026502 0.459513
0.889369 0.012963 0.953481 0.165321 0.537643 0.301997 0.593364
0.543937 0.849012 0.116194 0.331937 0.192042 0.439449 0.782721
0.680450 0.582992 0.142505 0.751878 0.901289 0.293212 0.299381
0.615470 0.569931 0.298343 0.919059 0.285589 0.160479 0.272181
0.855061 0.186981 0.731694 0.744429 0.199944 0.685175 0.909750
0.737588 0.987172 0.503114 0.281524 0.836184 0.619308 0.613461
0.028226 0.058757 0.396182 0.708676 0.641749 0.538686 0.460554
0.543038 0.831899 0.759935 0.158508 0.401830 0.058279 0.077567
0.687419 0.218758 0.349748 0.542479 0.405739 0.081442 0.286909
0.605683 0.766617 0.196659 0.343271 0.753789 0.699773 0.624795
0.589973 0.319081 0.238256 0.618198 0.377838 0.634438 0.326874
0.019587 0.173124 0.787428 0.562626 0.005022 0.547364 0.721134
0.406852 0.605642 0.798701 0.094271 0.824400 0.148449 0.636750
0.230139 0.229891 0.923659 0.835822 0.996508 0.120318 0.179092
0.750297 0.820091 0.803887 0.340269 0.139171 0.042143 0.958467
0.517009 0.676581 0.285341 0.536597 0.849705 0.072770 0.099222
0.854727 0.620134 0.820356 0.261579 0.225776 0.619058 0.355850
0.050176 0.767507 0.992600 0.280315 0.997398 0.916258 0.116136
0.993906 0.036576 0.295228 0.744202 0.856667 0.099116 0.084471
0.995838 0.141259 0.042939 0.512847 0.817840 0.328280 0.049444
0.667544 0.401050 0.148666 0.522272 0.021184 0.969022 0.783851
0.246960 0.588080 0.139700 0.297136 0.355587 0.132300 0.577451
0.352985 0.048559 0.693587 0.346891 0.085135 0.988816 0.091093
0.941801 0.087931 0.175564 0.937639 0.229190 0.218503 0.450487
0.047030 0.546783 0.499930 0.714574 0.947833 0.648596 0.236846
0.969017 0.617619 0.020696 0.215977 0.205699 0.160397 0.513113
0.561286 0.292697 0.090564 0.914270 0.341256 0.784151 0.261161
0.426390 0.772967 0.352254 0.368191 0.860898 0.527818 0.305831
0.090088 0.746321 0.756317 0.137118 0.293104 0.256248 0.851692
0.240938 0.904844 0.088538 0.209955 0.522463 0.109234 0.425932
0.728161 0.269631 0.939045 0.289447 0.562328 0.029609 0.203717
0.903584 0.813761 0.464878 0.329974 0.586727 0.817132 0.698165
0.447625 0.344950 0.003996 0.537714 0.091271 0.760313 0.674832
0.384376 0.016561 0.526524 0.625314 0.921405 0.615062 0.835268
0.443867 0.724296 0.261200 0.172029 0.993927 0.200246 0.461476
0.556255 0.229855 0.665193 0.459839 0.043615 0.130072 0.789813
0.630343 0.947204 0.487978 0.077968 0.292154 0.491974 0.615682
0.383425 0.252287 0.290513 0.767801 0.268848 0.817037 0.393114
0.190252 0.432099 0.228383 0.634120 0.156395 0.489583 0.806149
0.150322 0.689829 0.267625 0.706577 0.919683 0.932818 0.166416
0.963299 0.062889 0.956229 0.593642 0.010093 0.444206 0.671610
0.302247 0.936180 0.287292 0.685672 0.188467 0.577805 0.453473
0.457315 0.394842 0.846587 0.647567 0.826941 0.074970 0.281687
0.983336 0.564553 0.087835 0.133659 0.254382 0.355460 0.840236
0.174065 0.288277 0.006652 0.137364 0.351167 0.962881 0.731006
0.361260 0.407087 0.402615 0.663507 0.343268 0.689907 0.349179
0.531735 0.267712 0.802652 0.989049 0.662554 0.649239 0.636616
0.489495 0.724209 0.918303 0.472832 0.288762 0.006138 0.606490
0.543144 0.361597 0.446726 0.717209 0.649875 0.453378 0.854573
0.001042 0.416259 0.585579 0.362302 0.823347 0.988194 0.025809
0.166614 0.678101 0.374988 0.698349 0.945813 0.177639 0.687398
0.608368 0.826878 0.324014 0.097863 0.551088 0.242317 0.570695
0.839850 0.248455 0.177185 0.382994 0.610052 0.623911 0.100203
0.259927 0.077289 0.954776 0.260968 0.493549 0.540355 0.623270
0.316895 0.528549 0.649079 0.483510 0.206650 0.024066 0.181859
0.152464 0.201706 0.869257 0.760831 0.028584 0.193271 0.858694
0.579672 0.435588 0.429389 0.419521 0.684042 0.606573 0.802515
0.294094 0.230484 0.902718 0.554021 0.307774 0.857493 0.814989
0.801322 0.397848 0.438259 0.118217 0.926397 0.087338 0.601727
0.133047 0.111404 0.783586 0.285511 0.313110 0.652842 0.046342
0.341694 0.846113 0.905036 0.921365 0.281701 0.334425 0.340887
0.965743 0.940998 0.143402 0.259837 0.171482 0.046119 0.813858
0.479256 0.903612 0.628847 0.280578 0.301460 0.067106 0.398795
0.227857 0.154444 0.000522 0.360904 0.265848 0.784108 0.646415
0.578958 0.436950 0.692757 0.920652 0.283063 0.597793 0.842017
0.564764 0.932218 0.182904 0.530507 0.873216 0.326305 0.790344
0.044699 0.372424 0.604202 0.523955 0.276037 0.233048 0.804533
0.577497 0.300155 0.203328 0.805354 0.454599 0.203851 0.166258
0.720447 0.987959 0.812673 0.299405 0.424909 0.505431 0.220056
0.707972 0.103224 0.062073 0.272736 0.035442 0.244977 0.803242
0.908659 0.571282 0.593586 0.953358 0.943706 0.197788 0.477312
0.219743 0.430836 0.281845 0.797240 0.730991 0.485173 0.602594
0.185589 0.689024 0.768852 0.906036 0.676982 0.581526 0.205441
0.101891 0.086956 0.425497 0.809863 0.190181 0.487570 0.082598
0.225623 0.732547 0.885841 0.134282 0.303829 0.479427 0.087639
0.247535 0.677214 0.564951 0.467278 0.108050 0.846796 0.264518
0.839041 0.331969 0.867112 0.024630 0.020993 0.635965 0.930666
0.697975 0.217490 0.136107 0.799866 0.304447 0.561603 0.609728
0.494627 0.049173 0.692326 0.720250 0.781720 0.578167 0.854532
0.085549 0.057594 0.942171 0.333084 0.734808 0.507122 0.800362
0.842858 0.353919 0.064880 0.681899 0.685888 0.931993 0.706530
0.706881 0.567957 0.637196 0.404856 0.785448 0.773303 0.204722
0.089895 0.334906 0.814450 0.584522 0.384080 0.506776 0.304772
0.165800 0.084943 0.159304 0.251348 0.142537 0.101475 0.584432
0.877345 0.608598 0.384795 0.720204 0.962517 0.449675 0.402103
0.648405 0.381668 0.108633 0.355285 0.949625 0.745829 0.760141
0.735073 0.519132 0.964863 0.824967 0.854038 0.779313 0.409490
0.238118 0.286089 0.714262 0.403917 0.371033 0.873566 0.655266
0.513570 0.975042 0.239698 0.390915 0.583640 0.624493 0.111119
0.546156 0.074168 0.513222 0.194561 0.455836 0.621855 0.549846
0.405461 0.367684 0.309987 0.140534 0.886816 0.274850 0.965502
0.740854 0.054163 0.374991 0.978972 0.340252 0.089253 0.382889
0.711285 0.962820 0.038155 0.224854 0.937861 0.277854 0.615769
0.521501 0.902347 0.726888 0.067657 0.976515 0.240110 0.262218
0.432352 0.861965 0.812064 0.837813 0.229649 0.122052 0.978347
0.116464 0.396902 0.943849 0.857318 0.451065 0.318840 0.836290
0.791317 0.408093 0.219179 0.502602 0.370913 0.257334 0.727456
0.308774 0.535188 0.343226 0.830275 0.437534 0.070114 0.897932
0.414050 0.310224 0.160150 0.846401 0.172189 0.972215 0.684214
0.401837 0.094266 0.662561 0.518301 0.491168 0.606410 0.375620
0.942233 0.925251 0.211909 0.733551 0.333344 0.431088 0.236152
0.704257 0.688422 0.963609 0.013031 0.223610 0.306834 0.843306
0.661144 0.376948 0.741239 0.075194 0.687172 0.901389 0.921595
0.859360 0.873604 0.605809 0.261198 0.967871 0.268370 0.779499
0.459039 0.874781 0.155119 0.401273 0.800031 0.367028 0.134823
0.133375 0.798116 0.370976 0.837632 0.486538 0.334584 0.850663
0.710148 0.641419 0.693970 0.371292 0.018367 0.435209 0.446486
0.705539 0.336598 0.368081 0.564899 0.210202 0.973890 0.826097
0.178073 0.242261 0.605596 0.637112 0.117041 0.760714 0.038384
0.917072 0.127742 0.173207 0.050447 0.925858 0.544183 0.888080
0.412397 0.878767 0.738743 0.122545 0.520186 0.432712 0.493837
0.538553 0.867921 0.940324 0.244092 0.204519 0.308405 0.808991
0.414721 0.282295 0.635088 0.592793 0.524556 0.240683 0.229905
0.641597 0.001397 0.268289 0.558669 0.129139 0.441496 0.609117
